dim=1163024
procnum = 16,synchronize!!!
Max Iterations = 50
#   RANK ObjectValue Accuracy   SumIterTime   SumUpdaTime SumWaitTime  SumSynTime AvUpdaTime   AvWaitTime  AvSynTime   SparseRatio Rho 
1   0    0.283165    0.891185   0.335085         0.011542    0.323543    0.294289 0.011542     0.323543    0.294289    0.137275    1.000000
2   0    0.281162    0.891161   7.271390         6.646118    0.625271    0.566773 6.634576     0.301729    0.272484    0.137275    1.000000
3   0    0.280565    0.891328   15.441957       14.510195    0.931762    0.845014 7.864077     0.306491    0.278241    0.137275    1.000000
4   0    0.280281    0.891379   22.041015       20.805265    1.235750    1.120558 6.295070     0.303988    0.275544    0.137275    1.000000
5   0    0.280130    0.891388   26.571476       25.033088    1.538388    1.394430 4.227822     0.302638    0.273873    0.137275    1.000000
6   0    0.280039    0.891478   31.061799       29.222982    1.838817    1.667008 4.189894     0.300428    0.272577    0.137275    1.000000
7   0    0.279989    0.891471   33.844966       31.707661    2.137305    1.936382 2.484679     0.298489    0.269374    0.137275    1.000000
8   0    0.279949    0.891450   37.434616       34.999237    2.435379    2.205461 3.291576     0.298074    0.269079    0.137275    1.000000
9   0    0.279912    0.891427   39.879133       37.138456    2.740677    2.481610 2.139219     0.305298    0.276149    0.137275    1.000000
10  0    0.279880    0.891446   43.553706       40.508916    3.044790    2.756944 3.370460     0.304113    0.275334    0.137275    1.000000
11  0    0.279867    0.891450   45.885707       42.536530    3.349176    3.032122 2.027614     0.304386    0.275178    0.137275    1.000000
12  0    0.279859    0.891450   47.591522       43.942949    3.648573    3.303356 1.406419     0.299396    0.271233    0.137275    1.000000
13  0    0.279843    0.891482   50.887392       46.938458    3.948934    3.575404 2.995509     0.300362    0.272048    0.137275    1.000000
14  0    0.279833    0.891499   53.150098       48.899056    4.251042    3.848843 1.960598     0.302108    0.273439    0.137275    1.000000
15  0    0.279828    0.891493   54.823400       50.269965    4.553435    4.122981 1.370909     0.302393    0.274138    0.137275    1.000000
16  0    0.279827    0.891493   57.519885       52.664006    4.855879    4.397192 2.394040     0.302444    0.274211    0.137275    1.000000
17  0    0.279819    0.891489   60.498209       55.340039    5.158170    4.671035 2.676033     0.302291    0.273842    0.137275    1.000000
18  0    0.279824    0.891481   62.218843       56.759766    5.459078    4.944138 1.419727     0.300908    0.273104    0.137275    1.000000
19  0    0.279810    0.891517   65.308614       59.548148    5.760465    5.216721 2.788383     0.301388    0.272583    0.137275    1.000000
20  0    0.279810    0.891537   68.254761       62.192601    6.062160    5.490193 2.644453     0.301695    0.273472    0.137275    1.000000
21  0    0.279815    0.891526   70.798057       64.432270    6.365787    5.765521 2.239669     0.303627    0.275328    0.137275    1.000000
22  0    0.279814    0.891537   73.611919       66.944112    6.667808    6.039013 2.511842     0.302021    0.273491    0.137275    1.000000
23  0    0.279813    0.891541   75.316793       68.344064    6.972729    6.315451 1.399953     0.304921    0.276438    0.137275    1.000000
24  0    0.279812    0.891534   78.660655       71.381713    7.278942    6.593119 3.037649     0.306213    0.277668    0.137275    1.000000
25  0    0.279812    0.891562   81.722523       74.140384    7.582139    6.868492 2.758670     0.303197    0.275374    0.137275    1.000000
26  0    0.279822    0.891543   84.992721       77.109107    7.883613    7.141296 2.968724     0.301474    0.272804    0.137275    1.000000
27  0    0.279829    0.891577   87.955287       79.766439    8.188848    7.418369 2.657332     0.305234    0.277073    0.137275    1.000000
28  0    0.279840    0.891550   90.095159       81.601394    8.493765    7.694577 1.834954     0.304918    0.276208    0.137275    1.000000
29  0    0.279846    0.891588   93.668236       84.869083    8.799153    7.970539 3.267689     0.305388    0.275962    0.137275    1.000000
30  0    0.279862    0.891581   95.830316       86.721811    9.108505    8.249755 1.852728     0.309352    0.279216    0.137275    1.000000
31  0    0.279868    0.891621   99.658752       90.243321    9.415431    8.527292 3.521510     0.306926    0.277538    0.137275    1.000000
32  0    0.279889    0.891555   102.468141      92.745268    9.722873    8.805771 2.501947     0.307443    0.278479    0.137275    1.000000
33  0    0.279895    0.891590   105.392015      95.359078   10.032937    9.086468 2.613810     0.310064    0.280697    0.137275    1.000000
34  0    0.279922    0.891539   107.633318      97.294429   10.338889    9.363445 1.935351     0.305952    0.276977    0.137275    1.000000
35  0    0.279931    0.891535   110.522350      99.871758   10.650592    9.645098 2.577329     0.311703    0.281653    0.137275    1.000000
36  0    0.279954    0.891514   113.188888     102.232238   10.956650    9.922105 2.360480     0.306058    0.277007    0.137275    1.000000
37  0    0.279958    0.891509   115.278296     104.011533   11.266763   10.202516 1.779295     0.310113    0.280411    0.137275    1.000000
38  0    0.279989    0.891467   118.780706     107.202408   11.578298   10.483088 3.190875     0.311535    0.280572    0.137275    1.000000
39  0    0.279997    0.891443   120.612143     108.721638   11.890505   10.765311 1.519230     0.312207    0.282224    0.137275    1.000000
40  0    0.280011    0.891445   123.870379     111.671486   12.198893   11.044527 2.949848     0.308388    0.279216    0.137275    1.000000
41  0    0.280018    0.891451   125.927255     113.420591   12.506664   11.323492 1.749105     0.307771    0.278965    0.137275    1.000000
42  0    0.280035    0.891422   128.943838     116.129524   12.814314   11.601768 2.708933     0.307650    0.278276    0.137275    1.000000
43  0    0.280050    0.891437   131.030834     117.907916   13.122918   11.880606 1.778392     0.308604    0.278838    0.137275    1.000000
44  0    0.280069    0.891426   133.739397     120.308071   13.431327   12.158874 2.400155     0.308408    0.278268    0.137275    1.000000
45  0    0.280083    0.891418   135.821266     122.083993   13.737273   12.436250 1.775923     0.305946    0.277376    0.137275    1.000000
46  0    0.280091    0.891391   138.836159     124.788082   14.048077   12.717842 2.704089     0.310804    0.281593    0.137275    1.000000
47  0    0.280112    0.891383   141.316417     126.956407   14.360010   12.999700 2.168325     0.311933    0.281858    0.137275    1.000000
48  0    0.280119    0.891383   144.160485     129.491580   14.668905   13.278943 2.535173     0.308895    0.279243    0.137275    1.000000
49  0    0.280136    0.891372   146.585442     131.604900   14.980542   13.560539 2.113320     0.311637    0.281596    0.137275    1.000000
50  0    0.280146    0.891363   148.683487     133.391865   15.291623   13.842340 1.786965     0.311080    0.281801    0.137275    1.000000
total average training time is: 171.208

total average update time is: 133.392

total average wait time is: 15.2916

total average synchronization time is: 13.8423

Total train time is 186.544 second.
