dim=1163024
procnum = 64,synchronize!!!
Max Iterations = 50
#   RANK ObjectValue Accuracy   SumIterTime   SumUpdaTime SumWaitTime  SumSynTime AvUpdaTime   AvWaitTime  AvSynTime   SparseRatio Rho 
1   0    0.287214    0.890079   0.425695         0.018682    0.407013    0.343597 0.018682     0.407013    0.343597    0.050409    1.000000
2   0    0.284120    0.890549   6.574569         5.777267    0.797301    0.678002 5.758586     0.390288    0.334405    0.050409    1.000000
3   0    0.282725    0.890722   12.845933       11.648664    1.197269    1.014435 5.871396     0.399968    0.336433    0.050409    1.000000
4   0    0.281786    0.891028   19.755380       18.160588    1.594792    1.352556 6.511925     0.397522    0.338121    0.050409    1.000000
5   0    0.281231    0.891193   26.797394       24.801192    1.996202    1.692484 6.640604     0.401410    0.339928    0.050409    1.000000
6   0    0.280899    0.891272   31.851021       29.453890    2.397131    2.029626 4.652698     0.400929    0.337142    0.050409    1.000000
7   0    0.280694    0.891324   35.948375       33.149675    2.798700    2.367594 3.695786     0.401569    0.337969    0.050409    1.000000
8   0    0.280572    0.891364   39.728724       36.528598    3.200126    2.706353 3.378922     0.401427    0.338758    0.050409    1.000000
9   0    0.280512    0.891308   43.316499       39.712847    3.603651    3.045047 3.184250     0.403525    0.338694    0.050409    1.000000
10  0    0.280491    0.891362   46.766807       42.763725    4.003082    3.383323 3.050878     0.399430    0.338277    0.050409    1.000000
11  0    0.280496    0.891384   50.097080       45.699928    4.397152    3.716929 2.936203     0.394070    0.333606    0.050409    1.000000
12  0    0.280517    0.891283   53.344369       48.551040    4.793329    4.049746 2.851112     0.396177    0.332816    0.050409    1.000000
13  0    0.280547    0.891256   56.472041       51.278045    5.193995    4.388393 2.727005     0.400667    0.338648    0.050409    1.000000
14  0    0.280578    0.891176   59.515683       53.918234    5.597449    4.726351 2.640189     0.403453    0.337958    0.050409    1.000000
15  0    0.280609    0.891136   62.444753       56.445720    5.999033    5.064964 2.527486     0.401584    0.338613    0.050409    1.000000
16  0    0.280642    0.891073   65.335436       58.936750    6.398687    5.402659 2.491030     0.399654    0.337696    0.050409    1.000000
17  0    0.280665    0.891026   68.200861       61.405126    6.795736    5.741996 2.468376     0.397049    0.339336    0.050409    1.000000
18  0    0.280682    0.891029   71.053916       63.853811    7.200105    6.082847 2.448686     0.404369    0.340852    0.050409    1.000000
19  0    0.280691    0.891093   73.885323       66.288980    7.596343    6.419647 2.435169     0.396238    0.336800    0.050409    1.000000
20  0    0.280712    0.891074   76.685285       68.686834    7.998450    6.760326 2.397854     0.402108    0.340678    0.050409    1.000000
21  0    0.280725    0.891046   79.465190       71.060035    8.405155    7.102276 2.373201     0.406705    0.341951    0.050409    1.000000
22  0    0.280745    0.891068   82.171991       73.364056    8.807935    7.441553 2.304021     0.402779    0.339277    0.050409    1.000000
23  0    0.280763    0.891057   84.896081       75.693692    9.202389    7.778846 2.329635     0.394455    0.337293    0.050409    1.000000
24  0    0.280783    0.891077   87.574786       77.969034    9.605752    8.116785 2.275342     0.403363    0.337939    0.050409    1.000000
25  0    0.280805    0.891065   90.309983       80.298932   10.011051    8.455128 2.329898     0.405299    0.338343    0.050409    1.000000
26  0    0.280828    0.891022   93.007387       82.582374   10.425013    8.809870 2.283442     0.413961    0.354742    0.050409    1.000000
27  0    0.280853    0.891058   95.666253       84.842480   10.823773    9.147798 2.260106     0.398760    0.337928    0.050409    1.000000
28  0    0.280878    0.891029   98.368943       87.152336   11.216608    9.484875 2.309856     0.392835    0.337077    0.050409    1.000000
29  0    0.280910    0.891024   101.116906      89.496466   11.620441    9.828087 2.344130     0.403833    0.343212    0.050409    1.000000
30  0    0.280933    0.891028   103.837985      91.821781   12.016203   10.161571 2.325316     0.395763    0.333483    0.050409    1.000000
31  0    0.280968    0.891033   106.561004      94.144572   12.416432   10.497952 2.322790     0.400229    0.336381    0.050409    1.000000
32  0    0.280991    0.891026   109.283589      96.470013   12.813576   10.835926 2.325441     0.397144    0.337974    0.050409    1.000000
33  0    0.281028    0.890992   112.049223      98.835784   13.213438   11.174423 2.365772     0.399862    0.338497    0.050409    1.000000
34  0    0.281051    0.890966   114.692204     101.076897   13.615307   11.514630 2.241113     0.401868    0.340207    0.050409    1.000000
35  0    0.281086    0.890948   117.343484     103.331335   14.012150   11.853987 2.254438     0.396843    0.339357    0.050409    1.000000
36  0    0.281101    0.890961   120.025036     105.611552   14.413485   12.191256 2.280217     0.401335    0.337269    0.050409    1.000000
37  0    0.281131    0.890978   122.718747     107.904769   14.813978   12.527902 2.293217     0.400493    0.336647    0.050409    1.000000
38  0    0.281142    0.890974   125.359268     110.146901   15.212367   12.864377 2.242132     0.398389    0.336475    0.050409    1.000000
39  0    0.281173    0.890968   128.032388     112.424192   15.608196   13.199697 2.277290     0.395829    0.335320    0.050409    1.000000
40  0    0.281193    0.890954   130.682711     114.676097   16.006614   13.536899 2.251906     0.398418    0.337201    0.050409    1.000000
41  0    0.281212    0.890954   133.331475     116.932655   16.398820   13.869374 2.256557     0.392206    0.332475    0.050409    1.000000
42  0    0.281232    0.890953   135.742438     118.945822   16.796617   14.206251 2.013167     0.397797    0.336877    0.050409    1.000000
43  0    0.281260    0.890943   138.442976     121.247003   17.195973   14.545364 2.301182     0.399356    0.339113    0.050409    1.000000
44  0    0.281273    0.890931   140.839896     123.246924   17.592971   14.883026 1.999921     0.396998    0.337662    0.050409    1.000000
45  0    0.281298    0.890939   143.275684     125.290617   17.985067   15.217655 2.043692     0.392096    0.334629    0.050409    1.000000
46  0    0.281311    0.890935   145.663141     127.286658   18.376483   15.551872 1.996042     0.391416    0.334217    0.050409    1.000000
47  0    0.281334    0.890948   147.812534     129.040002   18.772531   15.886601 1.753344     0.396048    0.334728    0.050409    1.000000
48  0    0.281358    0.890931   150.223923     131.051602   19.172322   16.225479 2.011599     0.399790    0.338878    0.050409    1.000000
49  0    0.281373    0.890952   152.607984     133.038819   19.569165   16.562200 1.987217     0.396844    0.336722    0.050409    1.000000
50  0    0.281398    0.890949   155.059365     135.090038   19.969327   16.899875 2.051220     0.400161    0.337675    0.050409    1.000000
total average training time is: 201.067

total average update time is: 135.09

total average wait time is: 19.9693

total average synchronization time is: 16.8999

Total train time is 213.87 second.
