dim=1163024
procnum = 64,synchronize!!!
Max Iterations = 50
#   RANK ObjectValue Accuracy   SumIterTime   SumUpdaTime SumWaitTime  SumSynTime AvUpdaTime   AvWaitTime  AvSynTime   SparseRatio Rho 
1   0    0.287214    0.890079   2.702938         0.018719    2.684219    2.070673 0.018719     2.684219    2.070673    0.050409    1.000000
2   0    0.284120    0.890545   11.217155        5.756390    5.460764    4.197071 5.737672     2.776545    2.126398    0.050409    1.000000
3   0    0.282727    0.890719   19.919878       11.592364    8.327514    6.397119 5.835974     2.866750    2.200048    0.050409    1.000000
4   0    0.281787    0.891025   29.279730       18.166214   11.113516    8.578577 6.573850     2.786002    2.181458    0.050409    1.000000
5   0    0.281233    0.891187   38.551970       24.670919   13.881051   10.741129 6.504705     2.767535    2.162552    0.050409    1.000000
6   0    0.280908    0.891260   45.547164       28.825371   16.721793   12.906083 4.154452     2.840741    2.164954    0.050409    1.000000
7   0    0.280701    0.891322   51.891560       32.315758   19.575801   15.078841 3.490388     2.854008    2.172758    0.050409    1.000000
8   0    0.280576    0.891355   58.213953       35.725104   22.488849   17.300289 3.409345     2.913048    2.221448    0.050409    1.000000
9   0    0.280514    0.891302   64.241541       38.926517   25.315024   19.499976 3.201413     2.826175    2.199687    0.050409    1.000000
10  0    0.280492    0.891370   70.183930       41.951794   28.232136   21.689973 3.025278     2.917111    2.189997    0.050409    1.000000
11  0    0.280496    0.891392   75.901173       44.927731   30.973442   23.898881 2.975937     2.741306    2.208908    0.050409    1.000000
12  0    0.280517    0.891287   81.664364       47.764031   33.900332   26.169949 2.836300     2.926890    2.271068    0.050409    1.000000
13  0    0.280545    0.891256   87.109775       50.461720   36.648056   28.386918 2.697688     2.747723    2.216970    0.050409    1.000000
14  0    0.280576    0.891175   92.507733       53.121073   39.386660   30.568910 2.659354     2.738604    2.181992    0.050409    1.000000
15  0    0.280607    0.891136   97.943564       55.660341   42.283223   32.843850 2.539267     2.896564    2.274940    0.050409    1.000000
16  0    0.280639    0.891080   103.181169      58.171563   45.009606   35.028426 2.511223     2.726383    2.184576    0.050409    1.000000
17  0    0.280662    0.891036   108.375530      60.658013   47.717517   37.191071 2.486450     2.707910    2.162645    0.050409    1.000000
18  0    0.280679    0.891038   113.791777      63.145445   50.646332   39.401561 2.487432     2.928815    2.210490    0.050409    1.000000
19  0    0.280689    0.891094   119.289105      65.578256   53.710849   41.813224 2.432812     3.064517    2.411663    0.050409    1.000000
20  0    0.280710    0.891077   124.393252      67.944253   56.448999   43.995454 2.365996     2.738151    2.182230    0.050409    1.000000
21  0    0.280723    0.891038   129.554562      70.304593   59.249969   46.226149 2.360340     2.800970    2.230695    0.050409    1.000000
22  0    0.280744    0.891082   134.558088      72.608320   61.949768   48.393425 2.303728     2.699799    2.167275    0.050409    1.000000
23  0    0.280762    0.891058   139.670274      74.951388   64.718885   50.588644 2.343068     2.769117    2.195219    0.050409    1.000000
24  0    0.280783    0.891076   144.699807      77.212361   67.487446   52.730732 2.260973     2.768561    2.142088    0.050409    1.000000
25  0    0.280805    0.891045   149.815994      79.496939   70.319055   54.935570 2.284578     2.831609    2.204839    0.050409    1.000000
26  0    0.280828    0.891018   155.178893      81.756025   73.422868   57.348208 2.259086     3.103813    2.412637    0.050409    1.000000
27  0    0.280853    0.891057   160.193681      84.036705   76.156976   59.561552 2.280679     2.734109    2.213344    0.050409    1.000000
28  0    0.280879    0.891030   165.389907      86.320461   79.069446   61.802669 2.283756     2.912470    2.241117    0.050409    1.000000
29  0    0.280910    0.891024   170.571839      88.637175   81.934664   64.010630 2.316714     2.865218    2.207961    0.050409    1.000000
30  0    0.280934    0.891020   175.889806      90.971544   84.918262   66.267657 2.334369     2.983598    2.257027    0.050409    1.000000
31  0    0.280968    0.891028   180.974194      93.318901   87.655292   68.465966 2.347358     2.737030    2.198310    0.050409    1.000000
32  0    0.280992    0.891021   186.061239      95.663868   90.397371   70.629272 2.344967     2.742079    2.163306    0.050409    1.000000
33  0    0.281028    0.890988   191.155389      97.988520   93.166869   72.818994 2.324652     2.769498    2.189722    0.050409    1.000000
34  0    0.281052    0.890972   196.511877     100.377166   96.134710   75.098119 2.388647     2.967841    2.279125    0.050409    1.000000
35  0    0.281087    0.890958   201.694407     102.670215   99.024192   77.369995 2.293049     2.889482    2.271876    0.050409    1.000000
36  0    0.281101    0.890962   206.724446     104.917651  101.806795   79.589242 2.247436     2.782603    2.219247    0.050409    1.000000
37  0    0.281133    0.890989   211.759701     107.213666  104.546036   81.748621 2.296015     2.739241    2.159379    0.050409    1.000000
38  0    0.281145    0.890961   216.895892     109.508840  107.387052   83.984097 2.295174     2.841016    2.235477    0.050409    1.000000
39  0    0.281174    0.890964   222.047850     111.760811  110.287039   86.181286 2.251971     2.899987    2.197189    0.050409    1.000000
40  0    0.281196    0.890957   227.225139     114.028810  113.196329   88.499191 2.267999     2.909290    2.317905    0.050409    1.000000
41  0    0.281213    0.890942   232.206823     116.240497  115.966326   90.691365 2.211687     2.769997    2.192174    0.050409    1.000000
42  0    0.281236    0.890950   237.063589     118.236362  118.827228   92.981711 1.995864     2.860902    2.290345    0.050409    1.000000
43  0    0.281261    0.890953   242.256916     120.563474  121.693442   95.239889 2.327113     2.866214    2.258179    0.050409    1.000000
44  0    0.281275    0.890952   247.151140     122.496829  124.654311   97.561461 1.933355     2.960869    2.321572    0.050409    1.000000
45  0    0.281296    0.890934   251.983987     124.532979  127.451009   99.729661 2.036150     2.796698    2.168200    0.050409    1.000000
46  0    0.281313    0.890939   257.026418     126.616499  130.409919  102.033087 2.083520     2.958911    2.303426    0.050409    1.000000
47  0    0.281335    0.890946   261.853746     128.615436  133.238309  104.294492 1.998938     2.828390    2.261405    0.050409    1.000000
48  0    0.281361    0.890946   266.373270     130.340588  136.032682  106.522994 1.725151     2.794373    2.228502    0.050409    1.000000
49  0    0.281371    0.890958   271.136322     132.372006  138.764315  108.666275 2.031419     2.731633    2.143282    0.050409    1.000000
50  0    0.281400    0.890952   275.683516     134.117600  141.565916  110.855778 1.745593     2.801601    2.189503    0.050409    1.000000
total average training time is: 321.71

total average update time is: 134.118

total average wait time is: 141.566

total average synchronization time is: 110.856

Total train time is 338.882 second.
