dim=1163024
procnum = 64,synchronize!!!
Max Iterations = 50
#   RANK ObjectValue Accuracy   SumIterTime   SumUpdaTime SumWaitTime  SumSynTime AvUpdaTime   AvWaitTime  AvSynTime   SparseRatio Rho 
1   0    0.287214    0.890079   0.901110         0.018729    0.882382    0.805568 0.018729     0.882382    0.805568    0.050409    1.000000
2   0    0.284120    0.890547   7.525735         5.770323    1.755412    1.601586 5.751594     0.873031    0.796018    0.050409    1.000000
3   0    0.282725    0.890728   14.268377       11.643657    2.624720    2.395087 5.873334     0.869308    0.793501    0.050409    1.000000
4   0    0.281786    0.891022   21.723211       18.231823    3.491388    3.190516 6.588166     0.866667    0.795430    0.050409    1.000000
5   0    0.281236    0.891192   29.181693       24.822084    4.359609    3.984997 6.590261     0.868222    0.794481    0.050409    1.000000
6   0    0.280909    0.891247   34.525194       29.298540    5.226654    4.779597 4.476456     0.867045    0.794600    0.050409    1.000000
7   0    0.280700    0.891324   38.878957       32.778854    6.100103    5.574266 3.480315     0.873448    0.794669    0.050409    1.000000
8   0    0.280575    0.891356   43.101774       36.130918    6.970856    6.368901 3.352063     0.870753    0.794635    0.050409    1.000000
9   0    0.280514    0.891303   47.168462       39.324902    7.843561    7.164328 3.193984     0.872705    0.795427    0.050409    1.000000
10  0    0.280492    0.891370   51.088676       42.370728    8.717948    7.962648 3.045826     0.874387    0.798320    0.050409    1.000000
11  0    0.280497    0.891392   54.903432       45.310604    9.592827    8.759257 2.939877     0.874879    0.796609    0.050409    1.000000
12  0    0.280517    0.891279   58.628133       48.162289   10.465843    9.553866 2.851685     0.873016    0.794609    0.050409    1.000000
13  0    0.280546    0.891267   62.217017       50.876760   11.340257   10.349000 2.714470     0.874414    0.795134    0.050409    1.000000
14  0    0.280577    0.891175   65.761597       53.552529   12.209067   11.144708 2.675770     0.868810    0.795708    0.050409    1.000000
15  0    0.280608    0.891141   69.213615       56.136645   13.076970   11.938266 2.584116     0.867903    0.793558    0.050409    1.000000
16  0    0.280640    0.891072   72.593988       58.648637   13.945350   12.730634 2.511992     0.868380    0.792368    0.050409    1.000000
17  0    0.280666    0.891024   75.931498       61.112810   14.818687   13.527182 2.464173     0.873337    0.796548    0.050409    1.000000
18  0    0.280681    0.891042   79.246001       63.558041   15.687960   14.322413 2.445231     0.869272    0.795232    0.050409    1.000000
19  0    0.280690    0.891084   82.521465       65.962217   16.559248   15.118081 2.404176     0.871289    0.795667    0.050409    1.000000
20  0    0.280710    0.891074   85.794527       68.360802   17.433725   15.914717 2.398585     0.874477    0.796636    0.050409    1.000000
21  0    0.280723    0.891050   89.030095       70.720991   18.309105   16.710421 2.360189     0.875379    0.795705    0.050409    1.000000
22  0    0.280744    0.891074   92.212379       73.026510   19.185869   17.508347 2.305520     0.876764    0.797926    0.050409    1.000000
23  0    0.280762    0.891054   95.395376       75.336962   20.058414   18.303962 2.310452     0.872545    0.795615    0.050409    1.000000
24  0    0.280783    0.891057   98.543974       77.619270   20.924705   19.095877 2.282307     0.866291    0.791915    0.050409    1.000000
25  0    0.280805    0.891056   101.706277      79.903031   21.803246   19.895518 2.283761     0.878541    0.799641    0.050409    1.000000
26  0    0.280828    0.891022   104.859642      82.185052   22.674590   20.690531 2.282021     0.871345    0.795013    0.050409    1.000000
27  0    0.280853    0.891069   108.014442      84.466180   23.548262   21.486220 2.281129     0.873671    0.795690    0.050409    1.000000
28  0    0.280878    0.891036   111.174571      86.747712   24.426859   22.284614 2.281532     0.878598    0.798394    0.050409    1.000000
29  0    0.280910    0.891033   114.351242      89.050828   25.300414   23.080708 2.303116     0.873554    0.796094    0.050409    1.000000
30  0    0.280934    0.891020   117.522399      91.362166   26.160234   23.863195 2.311337     0.859820    0.782487    0.050409    1.000000
31  0    0.280968    0.891030   120.722116      93.684489   27.037627   24.662779 2.322324     0.877393    0.799584    0.050409    1.000000
32  0    0.280992    0.891029   123.974336      96.063944   27.910392   25.459229 2.379454     0.872765    0.796450    0.050409    1.000000
33  0    0.281028    0.890992   127.191367      98.409492   28.781875   26.253604 2.345549     0.871483    0.794375    0.050409    1.000000
34  0    0.281051    0.890960   130.435339     100.781677   29.653663   27.046476 2.372184     0.871788    0.792872    0.050409    1.000000
35  0    0.281086    0.890954   133.544618     103.016040   30.528577   27.842863 2.234364     0.874914    0.796387    0.050409    1.000000
36  0    0.281102    0.890960   136.657944     105.260047   31.397897   28.639201 2.244007     0.869319    0.796338    0.050409    1.000000
37  0    0.281131    0.890985   139.817584     107.543370   32.274214   29.436534 2.283322     0.876318    0.797333    0.050409    1.000000
38  0    0.281144    0.890969   142.926318     109.790125   33.136192   30.222411 2.246756     0.861978    0.785877    0.050409    1.000000
39  0    0.281172    0.890964   146.031891     112.019088   34.012803   31.019304 2.228962     0.876611    0.796893    0.050409    1.000000
40  0    0.281195    0.890953   149.195343     114.305604   34.889739   31.816992 2.286516     0.876936    0.797688    0.050409    1.000000
41  0    0.281211    0.890942   152.356598     116.592803   35.763795   32.614071 2.287199     0.874056    0.797078    0.050409    1.000000
42  0    0.281234    0.890952   155.236330     118.599019   36.637311   33.414422 2.006216     0.873516    0.800352    0.050409    1.000000
43  0    0.281258    0.890935   158.428726     120.910686   37.518040   34.211370 2.311667     0.880729    0.796947    0.050409    1.000000
44  0    0.281277    0.890931   161.264070     122.870841   38.393228   35.008380 1.960155     0.875188    0.797010    0.050409    1.000000
45  0    0.281295    0.890949   164.155942     124.888037   39.267905   35.802911 2.017196     0.874677    0.794532    0.050409    1.000000
46  0    0.281313    0.890945   167.063950     126.920362   40.143588   36.601011 2.032325     0.875682    0.798100    0.050409    1.000000
47  0    0.281335    0.890939   169.857908     128.839527   41.018382   37.399149 1.919165     0.874794    0.798138    0.050409    1.000000
48  0    0.281359    0.890942   172.717750     130.826168   41.891581   38.194751 1.986642     0.873200    0.795602    0.050409    1.000000
49  0    0.281372    0.890953   175.644542     132.877922   42.766620   38.990153 2.051754     0.875039    0.795401    0.050409    1.000000
50  0    0.281399    0.890957   178.543589     134.901379   43.642211   39.787811 2.023456     0.875591    0.797658    0.050409    1.000000
total average training time is: 224.326

total average update time is: 134.901

total average wait time is: 43.6422

total average synchronization time is: 39.7878

Total train time is 273.495 second.
