dim=3231961
procnum = 64,synchronize!!!
Max Iterations = 50
#   RANK ObjectValue Accuracy   SumIterTime   SumUpdaTime SumWaitTime  SumSynTime AvUpdaTime   AvWaitTime  AvSynTime   SparseRatio Rho 
1   0    0.046039    0.982703   1.688575         0.058343    1.630232    1.391070 0.058343     1.630232    1.391070    0.042916    1.000000
2   0    0.031884    0.988951   19.367932       16.119712    3.248220    2.769406 16.061370    1.617988    1.378336    0.042916    1.000000
3   0    0.025815    0.991490   34.769617       29.945808    4.823810    4.104712 13.826095    1.575590    1.335306    0.042916    1.000000
4   0    0.024487    0.992123   42.666132       36.269391    6.396742    5.435553 6.323583     1.572932    1.330841    0.042916    1.000000
5   0    0.022119    0.993101   53.555478       45.597523    7.957955    6.752810 9.328132     1.561214    1.317256    0.042916    1.000000
6   0    0.022107    0.993174   57.111566       47.566763    9.544803    8.102571 1.969240     1.586847    1.349761    0.042916    2.000000
7   0    0.021314    0.993191   64.965110       53.825122   11.139987    9.459616 6.258359     1.595184    1.357046    0.042916    2.000000
8   0    0.020252    0.993809   82.996168       70.277490   12.718677   10.806705 16.452368    1.578690    1.347088    0.042916    2.000000
9   0    0.019500    0.994111   90.596074       76.307973   14.288101   12.135080 6.030482     1.569424    1.328376    0.042916    2.000000
10  0    0.019156    0.994232   101.181669      85.335370   15.846299   13.456151 9.027397     1.558198    1.321070    0.042916    2.000000
11  0    0.019100    0.994287   109.966783      92.529603   17.437181   14.809533 7.194233     1.590881    1.353382    0.042916    2.000000
12  0    0.018985    0.994320   115.182054      96.156624   19.025430   16.154590 3.627021     1.588249    1.345057    0.042916    2.000000
13  0    0.018678    0.994439   126.767254     106.185713   20.581541   17.464330 10.029089    1.556111    1.309740    0.042916    2.000000
14  0    0.018688    0.994441   130.948659     108.792174   22.156485   18.810346 2.606461     1.574944    1.346016    0.042916    2.000000
15  0    0.018719    0.994472   141.623707     117.814508   23.809198   20.223830 9.022334     1.652713    1.413485    0.042916    2.000000
16  0    0.018731    0.994462   144.664361     119.272481   25.391880   21.565585 1.457972     1.582682    1.341754    0.042916    4.000000
17  0    0.018584    0.994499   152.351228     125.298184   27.053045   22.989702 6.025703     1.661164    1.424117    0.042916    4.000000
18  0    0.018628    0.994510   158.880873     130.236133   28.644741   24.343448 4.937949     1.591696    1.353746    0.042916    4.000000
19  0    0.018618    0.994508   163.018000     132.804252   30.213748   25.674036 2.568120     1.569007    1.330588    0.042916    4.000000
20  0    0.018637    0.994499   166.525817     134.725504   31.800313   27.020957 1.921252     1.586565    1.346922    0.042916    4.000000
21  0    0.018656    0.994493   169.985950     136.598450   33.387500   28.364064 1.872946     1.587187    1.343107    0.042916    4.000000
22  0    0.018656    0.994502   174.206310     139.185651   35.020659   29.758441 2.587201     1.633159    1.394376    0.042916    4.000000
23  0    0.018531    0.994495   179.262808     142.644858   36.617950   31.114376 3.459206     1.597291    1.355935    0.042916    4.000000
24  0    0.018559    0.994508   183.905335     145.709030   38.196305   32.452569 3.064173     1.578355    1.338193    0.042916    4.000000
25  0    0.018564    0.994508   188.111501     148.310839   39.800662   33.816459 2.601809     1.604357    1.363890    0.042916    4.000000
26  0    0.018746    0.994491   195.111219     153.720709   41.390510   35.165755 5.409870     1.589848    1.349296    0.042916    4.000000
27  0    0.018884    0.994449   199.859183     156.842370   43.016813   36.554440 3.121661     1.626303    1.388685    0.042916    4.000000
28  0    0.018858    0.994485   206.070101     161.481362   44.588739   37.888680 4.638992     1.571926    1.334240    0.042916    4.000000
29  0    0.018876    0.994491   209.718923     163.507668   46.211255   39.271601 2.026306     1.622516    1.382921    0.042916    4.000000
30  0    0.018816    0.994502   216.727975     168.892000   47.835976   40.656625 5.384332     1.624721    1.385024    0.042916    4.000000
31  0    0.018852    0.994508   220.762341     171.317054   49.445287   42.028170 2.425055     1.609311    1.371545    0.042916    4.000000
32  0    0.018944    0.994489   226.915421     175.887030   51.028391   43.372354 4.569976     1.583104    1.344183    0.042916    4.000000
33  0    0.018976    0.994491   232.571051     179.971007   52.600044   44.707366 4.083977     1.571653    1.335012    0.042916    4.000000
34  0    0.018945    0.994502   238.605236     184.345590   54.259646   46.125582 4.374583     1.659602    1.418216    0.042916    4.000000
35  0    0.018924    0.994506   244.317572     188.518582   55.798990   47.429798 4.172992     1.539344    1.304216    0.042916    4.000000
36  0    0.019014    0.994502   251.389578     194.013447   57.376130   48.770563 5.494865     1.577141    1.340765    0.042916    4.000000
37  0    0.019031    0.994516   258.528811     199.574267   58.954543   50.110316 5.560820     1.578413    1.339753    0.042916    4.000000
38  0    0.019037    0.994516   265.158917     204.614418   60.544500   51.461810 5.040150     1.589956    1.351493    0.042916    4.000000
39  0    0.019071    0.994537   270.835974     208.730459   62.105515   52.783703 4.116041     1.561016    1.321893    0.042916    4.000000
40  0    0.019166    0.994518   277.948914     214.245941   63.702973   54.137566 5.515482     1.597457    1.353863    0.042916    4.000000
41  0    0.019188    0.994502   284.037531     218.711338   65.326192   55.520429 4.465398     1.623220    1.382863    0.042916    4.000000
42  0    0.019185    0.994510   289.849714     222.927424   66.922290   56.873939 4.216086     1.596098    1.353511    0.042916    4.000000
43  0    0.019215    0.994499   295.338496     226.802917   68.535580   58.245255 3.875492     1.613290    1.371315    0.042916    4.000000
44  0    0.019273    0.994504   301.447956     231.342576   70.105379   59.572796 4.539660     1.569800    1.327541    0.042916    4.000000
45  0    0.019281    0.994506   308.194886     236.499784   71.695102   60.922512 5.157208     1.589722    1.349717    0.042916    4.000000
46  0    0.019303    0.994512   314.259828     240.959909   73.299919   62.283091 4.460125     1.604818    1.360579    0.042916    4.000000
47  0    0.019313    0.994514   319.809114     244.930144   74.878970   63.624254 3.970235     1.579051    1.341163    0.042916    4.000000
48  0    0.019352    0.994529   325.528238     249.058438   76.469800   64.974622 4.128294     1.590830    1.350368    0.042916    4.000000
49  0    0.019396    0.994516   332.292090     254.236207   78.055883   66.320330 5.177768     1.586083    1.345709    0.042916    4.000000
50  0    0.019389    0.994522   338.235169     258.516639   79.718530   67.743293 4.280432     1.662647    1.422963    0.042916    4.000000
total average training time is: 471.182

total average update time is: 258.517

total average wait time is: 79.7185

total average synchronization time is: 67.7433

Total train time is 516.212 second.
