dim=3231961
procnum = 64,synchronize!!!
Max Iterations = 50
#   RANK ObjectValue Accuracy   SumIterTime   SumUpdaTime SumWaitTime  SumSynTime AvUpdaTime   AvWaitTime  AvSynTime   SparseRatio Rho 
1   0    0.046039    0.982703   1.066928         0.058516    1.008413    0.809419 0.058516     1.008413    0.809419    0.042916    1.000000
2   0    0.031883    0.988953   18.645930       16.673720    1.972210    1.587450 16.615204    0.963797    0.778031    0.042916    1.000000
3   0    0.025815    0.991488   33.328635       30.423108    2.905527    2.356305 13.749388    0.933317    0.768855    0.042916    1.000000
4   0    0.024340    0.992187   40.838416       36.984295    3.854121    3.133357 6.561187     0.948594    0.777052    0.042916    1.000000
5   0    0.022099    0.993095   49.597213       44.772082    4.825131    3.916467 7.787786     0.971011    0.783109    0.042916    1.000000
6   0    0.022018    0.993208   52.713666       46.803428    5.910239    4.822220 2.031346     1.085107    0.905753    0.042916    1.000000
7   0    0.021213    0.993671   59.696948       52.828847    6.868101    5.604172 6.025419     0.957863    0.781953    0.042916    1.000000
8   0    0.020336    0.994074   67.899593       60.085907    7.813686    6.378628 7.257061     0.945584    0.774456    0.042916    1.000000
9   0    0.020311    0.994059   70.777323       62.001541    8.775782    7.158848 1.915633     0.962096    0.780220    0.042916    1.000000
10  0    0.020152    0.994070   74.491520       64.744919    9.746601    7.948126 2.743378     0.970819    0.789278    0.042916    1.000000
11  0    0.019616    0.994220   82.225449       71.525279   10.700170    8.734345 6.780361     0.953568    0.786219    0.042916    1.000000
12  0    0.018939    0.994418   89.516251       77.856516   11.659736    9.522701 6.331236     0.959566    0.788356    0.042916    1.000000
13  0    0.018740    0.994454   96.662495       84.034122   12.628373   10.305325 6.177606     0.968637    0.782624    0.042916    1.000000
14  0    0.018602    0.994495   104.485492      90.883066   13.602426   11.094220 6.848944     0.974053    0.788895    0.042916    1.000000
15  0    0.018425    0.994522   109.332148      94.573522   14.758626   12.065388 3.690456     1.156200    0.971167    0.042916    1.000000
16  0    0.018058    0.994606   119.043842     103.318571   15.725271   12.854340 8.745049     0.966645    0.788953    0.042916    1.000000
17  0    0.017838    0.994677   127.371341     110.673076   16.698264   13.635277 7.354505     0.972993    0.780937    0.042916    1.000000
18  0    0.017777    0.994671   133.375274     115.713362   17.661912   14.422553 5.040286     0.963647    0.787276    0.042916    1.000000
19  0    0.017697    0.994675   144.337517     125.685814   18.651703   15.220950 9.972452     0.989791    0.798397    0.042916    1.000000
20  0    0.017471    0.994752   150.501152     130.883257   19.617894   16.006927 5.197443     0.966192    0.785977    0.042916    1.000000
21  0    0.017410    0.994762   159.097193     138.500209   20.596985   16.803035 7.616951     0.979091    0.796108    0.042916    1.000000
22  0    0.017389    0.994756   165.660040     144.117144   21.542896   17.582577 5.616935     0.945911    0.779542    0.042916    1.000000
23  0    0.017347    0.994777   171.917518     149.419811   22.497707   18.364830 5.302667     0.954811    0.782252    0.042916    1.000000
24  0    0.017265    0.994796   178.840850     155.372586   23.468264   19.155399 5.952774     0.970558    0.790569    0.042916    1.000000
25  0    0.017260    0.994815   186.623591     162.208583   24.415008   19.936790 6.835997     0.946743    0.781390    0.042916    1.000000
26  0    0.017217    0.994821   193.147089     167.761386   25.385703   20.723388 5.552803     0.970695    0.786598    0.042916    1.000000
27  0    0.017290    0.994800   200.414953     174.054588   26.360365   21.515743 6.293202     0.974663    0.792355    0.042916    1.000000
28  0    0.017314    0.994802   207.319693     180.009662   27.310030   22.289970 5.955074     0.949665    0.774227    0.042916    1.000000
29  0    0.017254    0.994823   217.331600     189.057746   28.273854   23.075319 9.048084     0.963823    0.785349    0.042916    1.000000
30  0    0.017260    0.994823   224.555328     195.313303   29.242025   23.861017 6.255557     0.968171    0.785698    0.042916    1.000000
31  0    0.017342    0.994794   232.404951     202.189305   30.215646   24.645355 6.876002     0.973622    0.784337    0.042916    1.000000
32  0    0.017387    0.994796   248.086022     216.914884   31.171138   25.424867 14.725579    0.955492    0.779513    0.042916    1.000000
33  0    0.017296    0.994806   253.585588     221.448147   32.137442   26.216258 4.533263     0.966303    0.791391    0.042916    1.000000
34  0    0.017268    0.994810   258.843293     225.747261   33.096031   27.000180 4.299115     0.958590    0.783921    0.042916    1.000000
35  0    0.017311    0.994815   266.068397     232.019480   34.048917   27.781806 6.272218     0.952886    0.781627    0.042916    1.000000
36  0    0.017314    0.994806   271.868612     236.856745   35.011867   28.562942 4.837265     0.962950    0.781136    0.042916    1.000000
37  0    0.017261    0.994819   279.587797     243.616977   35.970820   29.342966 6.760232     0.958953    0.780024    0.042916    1.000000
38  0    0.017268    0.994815   285.338807     248.398166   36.940641   30.133770 4.781189     0.969821    0.790804    0.042916    1.000000
39  0    0.017343    0.994812   293.296516     255.398355   37.898161   30.916377 7.000189     0.957520    0.782607    0.042916    1.000000
40  0    0.017358    0.994821   301.129218     262.262058   38.867160   31.701901 6.863702     0.968999    0.785524    0.042916    1.000000
41  0    0.017338    0.994823   309.237149     269.401374   39.835775   32.491480 7.139316     0.968615    0.789578    0.042916    1.000000
42  0    0.017390    0.994829   317.924017     277.110987   40.813031   33.283386 7.709613     0.977256    0.791906    0.042916    1.000000
43  0    0.017500    0.994810   326.920591     285.148699   41.771891   34.066592 8.037712     0.958861    0.783206    0.042916    1.000000
44  0    0.017474    0.994823   332.696256     289.951204   42.745052   34.858640 4.802505     0.973160    0.792048    0.042916    1.000000
45  0    0.017483    0.994823   342.468914     298.755325   43.713589   35.639282 8.804121     0.968537    0.780642    0.042916    1.000000
46  0    0.017498    0.994821   349.566604     304.878567   44.688037   36.432716 6.123242     0.974449    0.793434    0.042916    1.000000
47  0    0.017500    0.994844   356.245639     310.595107   45.650532   37.220200 5.716540     0.962495    0.787484    0.042916    1.000000
48  0    0.017540    0.994842   363.593848     316.968367   46.625482   38.012356 6.373260     0.974950    0.792156    0.042916    1.000000
49  0    0.017568    0.994831   369.739323     322.140417   47.598905   38.796352 5.172051     0.973424    0.783996    0.042916    1.000000
50  0    0.017530    0.994846   378.888390     330.333917   48.554474   39.579762 8.193500     0.955568    0.783410    0.042916    1.000000
total average training time is: 511.56

total average update time is: 330.334

total average wait time is: 48.5545

total average synchronization time is: 39.5798

Total train time is 556.581 second.
