dim=3231961
procnum = 64,synchronize!!!
Max Iterations = 50
#   RANK ObjectValue Accuracy   SumIterTime   SumUpdaTime SumWaitTime  SumSynTime AvUpdaTime   AvWaitTime  AvSynTime   SparseRatio Rho 
1   0    0.046039    0.982703   2.508456         0.058243    2.450213    2.210443 0.058243     2.450213    2.210443    0.042916    1.000000
2   0    0.031879    0.988949   21.175167       16.291344    4.883824    4.414975 16.233100    2.433611    2.204533    0.042916    1.000000
3   0    0.025812    0.991488   37.469098       30.159770    7.309328    6.619723 13.868426    2.425504    2.204748    0.042916    1.000000
4   0    0.024488    0.992116   45.401732       35.647275    9.754457    8.821315 5.487506     2.445129    2.201592    0.042916    1.000000
5   0    0.022116    0.993089   57.330379       45.131961   12.198418   11.026460 9.484686     2.443961    2.205144    0.042916    1.000000
6   0    0.022106    0.993170   61.730518       47.105595   14.624923   13.232461 1.973634     2.426505    2.206001    0.042916    2.000000
7   0    0.021322    0.993166   70.362352       53.290587   17.071765   15.438105 6.184992     2.446843    2.205644    0.042916    2.000000
8   0    0.020292    0.993752   89.768174       70.257459   19.510715   17.643521 16.966872    2.438950    2.205417    0.042916    2.000000
9   0    0.019464    0.994093   97.856804       75.900045   21.956759   19.847224 5.642586     2.446044    2.203703    0.042916    2.000000
10  0    0.019216    0.994245   108.114335      83.706290   24.408045   22.052641 7.806245     2.451286    2.205417    0.042916    2.000000
11  0    0.019201    0.994243   112.511264      85.666619   26.844645   24.255625 1.960329     2.436600    2.202985    0.042916    2.000000
12  0    0.019183    0.994195   119.255510      89.969872   29.285638   26.458923 4.303253     2.440994    2.203297    0.042916    2.000000
13  0    0.019223    0.994268   134.771511     103.044291   31.727221   28.662141 13.074419    2.441582    2.203218    0.042916    2.000000
14  0    0.018884    0.994383   144.120087     109.942434   34.177653   30.870567 6.898143     2.450432    2.208425    0.042916    2.000000
15  0    0.018957    0.994376   150.156097     113.531197   36.624900   33.076482 3.588763     2.447247    2.205916    0.042916    2.000000
16  0    0.019009    0.994372   154.242097     115.171974   39.070122   35.279286 1.640777     2.445222    2.202804    0.042916    2.000000
17  0    0.019037    0.994353   159.198865     117.682851   41.516014   37.488483 2.510877     2.445892    2.209196    0.042916    2.000000
18  0    0.019024    0.994397   165.789569     121.826931   43.962638   39.695661 4.144080     2.446623    2.207179    0.042916    2.000000
19  0    0.019066    0.994401   176.385211     129.975771   46.409440   41.900244 8.148840     2.446803    2.204583    0.042916    2.000000
20  0    0.019069    0.994403   185.597180     136.734796   48.862383   44.110235 6.759026     2.452943    2.209991    0.042916    2.000000
21  0    0.019318    0.994385   192.940351     141.629174   51.311177   46.316187 4.894378     2.448794    2.205952    0.042916    2.000000
22  0    0.019408    0.994360   199.390387     145.628405   53.761982   48.523952 3.999230     2.450806    2.207765    0.042916    2.000000
23  0    0.019316    0.994391   207.514460     151.306598   56.207862   50.729560 5.678193     2.445880    2.205608    0.042916    2.000000
24  0    0.019323    0.994383   214.075530     155.418460   58.657070   52.938879 4.111862     2.449208    2.209319    0.042916    2.000000
25  0    0.019379    0.994401   222.415822     161.307217   61.108605   55.149579 5.888757     2.451535    2.210700    0.042916    2.000000
26  0    0.019468    0.994397   231.931516     168.366003   63.565513   57.363573 7.058786     2.456908    2.213994    0.042916    2.000000
27  0    0.019553    0.994412   240.819819     174.806351   66.013468   59.567223 6.440348     2.447955    2.203651    0.042916    2.000000
28  0    0.019552    0.994406   247.483291     179.013145   68.470146   61.779947 4.206794     2.456677    2.212724    0.042916    2.000000
29  0    0.019616    0.994406   255.939867     185.021195   70.918672   63.989250 6.008049     2.448527    2.209303    0.042916    2.000000
30  0    0.019724    0.994410   263.942363     190.571700   73.370664   66.200337 5.550505     2.451992    2.211087    0.042916    2.000000
31  0    0.019798    0.994410   271.066822     195.251097   75.815725   68.404944 4.679397     2.445062    2.204607    0.042916    2.000000
32  0    0.019879    0.994397   277.776095     199.510834   78.265261   70.617858 4.259737     2.449536    2.212914    0.042916    2.000000
33  0    0.019914    0.994401   287.330876     206.626894   80.703981   72.829625 7.116061     2.438720    2.211766    0.042916    2.000000
34  0    0.020002    0.994393   297.376178     214.221627   83.154551   75.044470 7.594733     2.450570    2.214846    0.042916    2.000000
35  0    0.020017    0.994408   303.606000     218.002230   85.603770   77.252070 3.780603     2.449219    2.207600    0.042916    2.000000
36  0    0.020134    0.994399   310.410513     222.357146   88.053367   79.458166 4.354916     2.449597    2.206095    0.042916    2.000000
37  0    0.020224    0.994383   317.096086     226.592253   90.503833   81.668652 4.235108     2.450466    2.210487    0.042916    2.000000
38  0    0.020252    0.994410   325.889148     232.938937   92.950211   83.874597 6.346684     2.446378    2.205944    0.042916    2.000000
39  0    0.020335    0.994406   332.588805     237.194508   95.394297   86.082219 4.255572     2.444086    2.207622    0.042916    2.000000
40  0    0.020423    0.994393   340.133618     242.294369   97.839249   88.290462 5.099861     2.444952    2.208243    0.042916    2.000000
41  0    0.020419    0.994418   347.257792     246.969827  100.287965   90.499807 4.675458     2.448716    2.209345    0.042916    2.000000
42  0    0.020443    0.994435   354.843674     252.102962  102.740712   92.710202 5.133135     2.452747    2.210395    0.042916    2.000000
43  0    0.020551    0.994418   361.919169     256.734980  105.184189   94.915316 4.632018     2.443478    2.205114    0.042916    2.000000
44  0    0.020590    0.994418   368.590750     260.952228  107.638522   97.127366 4.217248     2.454333    2.212051    0.042916    2.000000
45  0    0.020640    0.994422   376.312140     266.220924  110.091216   99.340393 5.268696     2.452694    2.213027    0.042916    2.000000
46  0    0.020715    0.994410   383.002478     270.468334  112.534144  101.550731 4.247410     2.442928    2.210337    0.042916    2.000000
47  0    0.020765    0.994403   390.724357     275.748180  114.976177  103.759598 5.279847     2.442032    2.208868    0.042916    2.000000
48  0    0.020840    0.994416   398.157221     280.730377  117.426844  105.972054 4.982196     2.450667    2.212456    0.042916    2.000000
49  0    0.020853    0.994420   404.345119     284.474929  119.870190  108.175901 3.744552     2.443346    2.203847    0.042916    2.000000
50  0    0.020935    0.994431   412.816967     290.497761  122.319207  110.388553 6.022832     2.449016    2.212652    0.042916    2.000000
total average training time is: 545.473

total average update time is: 290.498

total average wait time is: 122.319

total average synchronization time is: 110.389

Total train time is 598.805 second.
