dim=3231961
procnum = 16,synchronize!!!
Max Iterations = 50
#   RANK ObjectValue Accuracy   SumIterTime   SumUpdaTime SumWaitTime  SumSynTime AvUpdaTime   AvWaitTime  AvSynTime   SparseRatio Rho 
1   0    0.045006    0.982107   3.429402         0.043443    3.385958    3.112467 0.043443     3.385958    3.112467    0.127973    1.000000
2   0    0.034902    0.987117   7.941174         0.717462    7.223712    6.695489 0.674019     3.837753    3.583022    0.127973    1.000000
3   0    0.026916    0.991200   42.600162       31.590283   11.009879   10.217612 30.872821    3.786167    3.522123    0.127973    1.000000
4   0    0.025399    0.991553   56.088789       41.243038   14.845751   13.779083 9.652755     3.835872    3.561470    0.127973    1.000000
5   0    0.024511    0.991778   60.551403       41.917951   18.633452   17.284225 0.674913     3.787701    3.505142    0.127973    2.000000
6   0    0.023365    0.992156   79.793785       57.354540   22.439245   20.822177 15.436589    3.805792    3.537952    0.127973    2.000000
7   0    0.022914    0.992315   91.128477       64.894375   26.234101   24.353565 7.539836     3.794857    3.531388    0.127973    2.000000
8   0    0.021522    0.993070   103.498435      73.536364   29.962070   27.814201 8.641989     3.727969    3.460636    0.127973    2.000000
9   0    0.021510    0.993066   107.945795      74.208489   33.737305   31.332339 0.672125     3.775235    3.518138    0.127973    4.000000
10  0    0.021403    0.993151   116.552617      79.096365   37.456252   34.762471 4.887875     3.718947    3.430132    0.127973    4.000000
11  0    0.021036    0.993394   127.868075      86.725998   41.142077   38.113271 7.629634     3.685825    3.350801    0.127973    4.000000
12  0    0.020760    0.993569   134.977807      90.112467   44.865340   41.557954 3.386469     3.723263    3.444682    0.127973    4.000000
13  0    0.020802    0.993554   142.613262      93.970092   48.643170   45.054905 3.857625     3.777831    3.496952    0.127973    4.000000
14  0    0.020873    0.993525   150.168714      97.788344   52.380370   48.523460 3.818252     3.737200    3.468555    0.127973    4.000000
15  0    0.020821    0.993611   158.353001     102.207874   56.145127   52.002812 4.419530     3.764757    3.479352    0.127973    4.000000
16  0    0.020841    0.993604   166.859246     106.999269   59.859977   55.445546 4.791395     3.714850    3.442734    0.127973    4.000000
17  0    0.020790    0.993604   174.094738     110.456335   63.638404   58.961134 3.457065     3.778427    3.515588    0.127973    4.000000
18  0    0.020645    0.993646   187.997090     120.625474   67.371616   62.415362 10.169139    3.733212    3.454229    0.127973    4.000000
19  0    0.020609    0.993677   197.626818     126.536239   71.090578   65.852828 5.910766     3.718963    3.437465    0.127973    4.000000
20  0    0.020439    0.993798   211.088657     136.281956   74.806701   69.300672 9.745716     3.716123    3.447844    0.127973    4.000000
21  0    0.020215    0.993974   221.024346     142.509780   78.514566   72.732280 6.227824     3.707865    3.431608    0.127973    4.000000
22  0    0.019983    0.994130   233.783669     151.591236   82.192434   76.119087 9.081456     3.677868    3.386807    0.127973    4.000000
23  0    0.019898    0.994120   248.226586     162.297076   85.929510   79.586774 10.705840    3.737076    3.467687    0.127973    4.000000
24  0    0.019677    0.994203   262.219655     172.622593   89.597063   82.967872 10.325517    3.667553    3.381098    0.127973    4.000000
25  0    0.019520    0.994297   273.227560     179.855831   93.371729   86.451963 7.233239     3.774666    3.484091    0.127973    4.000000
26  0    0.019373    0.994397   287.115145     190.005792   97.109353   89.865258 10.149960    3.737624    3.413295    0.127973    4.000000
27  0    0.019260    0.994420   296.422966     195.518154  100.904812   93.412552 5.512362     3.795459    3.547293    0.127973    4.000000
28  0    0.019100    0.994485   309.261683     204.567247  104.694437   96.932269 9.049093     3.789624    3.519717    0.127973    4.000000
29  0    0.019029    0.994516   317.521762     209.131759  108.390003  100.304935 4.564512     3.695567    3.372665    0.127973    4.000000
30  0    0.018888    0.994572   332.111036     219.936436  112.174601  103.830388 10.804676    3.784597    3.525454    0.127973    4.000000
31  0    0.018858    0.994577   341.692748     225.785471  115.907277  107.235247 5.849036     3.732676    3.404859    0.127973    4.000000
32  0    0.018746    0.994618   354.329598     234.614511  119.715086  110.743873 8.829040     3.807810    3.508627    0.127973    4.000000
33  0    0.018741    0.994620   365.309578     241.796545  123.513033  114.272670 7.182034     3.797946    3.528796    0.127973    4.000000
34  0    0.018581    0.994658   376.639216     249.311759  127.327457  117.799338 7.515214     3.814424    3.526668    0.127973    4.000000
35  0    0.018565    0.994666   386.609202     255.551940  131.057261  121.201676 6.240181     3.729804    3.402338    0.127973    4.000000
36  0    0.018497    0.994687   396.589630     261.776670  134.812961  124.665026 6.224729     3.755699    3.463350    0.127973    4.000000
37  0    0.018438    0.994700   408.638719     270.113178  138.525540  128.074272 8.336509     3.712580    3.409246    0.127973    4.000000
38  0    0.018313    0.994748   423.163716     280.887258  142.276458  131.542667 10.774080    3.750918    3.468395    0.127973    4.000000
39  0    0.018309    0.994746   434.917356     288.875880  146.041476  135.009671 7.988622     3.765018    3.467005    0.127973    4.000000
40  0    0.018270    0.994756   447.411783     297.573113  149.838670  138.553681 8.697233     3.797193    3.544009    0.127973    4.000000
41  0    0.018221    0.994764   459.292580     305.602513  153.690066  142.138139 8.029400     3.851397    3.584458    0.127973    4.000000
42  0    0.018145    0.994787   471.798634     314.313175  157.485459  145.672258 8.710662     3.795393    3.534119    0.127973    4.000000
43  0    0.018099    0.994794   485.014435     323.787194  161.227241  149.112186 9.474019     3.741782    3.439927    0.127973    4.000000
44  0    0.018087    0.994804   496.495192     331.600179  164.895013  152.498719 7.812985     3.667772    3.386533    0.127973    4.000000
45  0    0.018046    0.994817   508.897021     340.186154  168.710867  156.051167 8.585975     3.815853    3.552448    0.127973    4.000000
46  0    0.017983    0.994819   521.815686     349.240666  172.575020  159.618757 9.054512     3.864154    3.567590    0.127973    4.000000
47  0    0.017948    0.994829   532.292460     355.883595  176.408865  163.194733 6.642929     3.833845    3.575975    0.127973    4.000000
48  0    0.017943    0.994838   540.685243     360.440518  180.244725  166.773473 4.556923     3.835860    3.578740    0.127973    4.000000
49  0    0.017922    0.994848   555.301194     371.312829  183.988365  170.222683 10.872311    3.743640    3.449210    0.127973    4.000000
50  0    0.017899    0.994842   563.320199     375.495975  187.824224  173.761592 4.183146     3.835859    3.538909    0.127973    4.000000
total average training time is: 636.487

total average update time is: 375.496

total average wait time is: 187.824

total average synchronization time is: 173.762

Total train time is 683.748 second.
