dim=3231961
procnum = 16,synchronize!!!
Max Iterations = 50
#   RANK ObjectValue Accuracy   SumIterTime   SumUpdaTime SumWaitTime  SumSynTime AvUpdaTime   AvWaitTime  AvSynTime   SparseRatio Rho 
1   0    0.045006    0.982107   0.901480         0.043283    0.858197    0.749604 0.043283     0.858197    0.749604    0.127973    1.000000
2   0    0.034902    0.987117   2.411660         0.718345    1.693315    1.477785 0.675062     0.835118    0.728181    0.127973    1.000000
3   0    0.026863    0.991213   34.538181       32.010504    2.527677    2.205481 31.292159    0.834362    0.727696    0.127973    1.000000
4   0    0.025640    0.991442   42.509292       39.144511    3.364781    2.935221 7.134007     0.837104    0.729740    0.127973    1.000000
5   0    0.024695    0.991674   44.020645       39.820531    4.200114    3.661072 0.676020     0.835333    0.725851    0.127973    2.000000
6   0    0.023499    0.992096   59.978237       54.949166    5.029071    4.385751 15.128635    0.828957    0.724679    0.127973    2.000000
7   0    0.023221    0.992183   66.426444       60.558880    5.867564    5.119179 5.609714     0.838493    0.733428    0.127973    2.000000
8   0    0.021671    0.992976   76.181883       69.487237    6.694645    5.840991 8.928357     0.827082    0.721812    0.127973    2.000000
9   0    0.021595    0.992995   84.264840       76.734093    7.530746    6.571767 7.246856     0.836101    0.730776    0.127973    2.000000
10  0    0.021044    0.993439   94.765540       86.401150    8.364390    7.299083 9.667057     0.833644    0.727316    0.127973    2.000000
11  0    0.021045    0.993442   96.277029       87.076922    9.200107    8.028691 0.675772     0.835717    0.729608    0.127973    4.000000
12  0    0.020553    0.993769   103.697857      93.637377   10.060480    8.783190 6.560455     0.860372    0.754499    0.127973    4.000000
13  0    0.020270    0.993976   110.583389      99.682179   10.901210    9.517184 6.044802     0.840730    0.733994    0.127973    4.000000
14  0    0.020193    0.994030   116.656125     104.897427   11.758698   10.267283 5.215248     0.857488    0.750099    0.127973    4.000000
15  0    0.020192    0.994024   118.188759     105.572656   12.616102   11.016542 0.675229     0.857405    0.749259    0.127973    4.000000
16  0    0.020128    0.994059   124.002095     110.533097   13.468997   11.762667 4.960441     0.852895    0.746125    0.127973    4.000000
17  0    0.020127    0.994063   125.534856     111.207758   14.327098   12.511675 0.674661     0.858101    0.749008    0.127973    4.000000
18  0    0.020089    0.994065   130.896896     115.716407   15.180489   13.258077 4.508649     0.853391    0.746402    0.127973    4.000000
19  0    0.020114    0.994068   134.020349     117.987919   16.032430   14.003018 2.271512     0.851941    0.744941    0.127973    4.000000
20  0    0.020105    0.994049   138.084432     121.197767   16.886665   14.750472 3.209849     0.854234    0.747454    0.127973    4.000000
21  0    0.020002    0.994097   145.654438     127.916543   17.737896   15.494882 6.718775     0.851231    0.744410    0.127973    4.000000
22  0    0.019964    0.994107   151.600473     133.010357   18.590116   16.240011 5.093815     0.852220    0.745129    0.127973    4.000000
23  0    0.019997    0.994095   155.701521     136.261785   19.439736   16.981457 3.251428     0.849621    0.741446    0.127973    4.000000
24  0    0.019966    0.994049   162.224242     141.932893   20.291349   17.726148 5.671108     0.851613    0.744691    0.127973    4.000000
25  0    0.019908    0.994124   167.091679     145.950121   21.141558   18.469397 4.017229     0.850209    0.743249    0.127973    4.000000
26  0    0.019842    0.994138   175.040286     153.051083   21.989203   19.211432 7.100962     0.847645    0.742035    0.127973    4.000000
27  0    0.019682    0.994222   185.532113     162.694723   22.837390   19.952895 9.643639     0.848188    0.741464    0.127973    4.000000
28  0    0.019526    0.994282   195.018013     171.325492   23.692521   20.701723 8.630770     0.855130    0.748828    0.127973    4.000000
29  0    0.019362    0.994345   204.374694     179.821267   24.553427   21.453110 8.495775     0.860906    0.751386    0.127973    4.000000
30  0    0.019197    0.994493   216.827200     191.420405   25.406795   22.199466 11.599138    0.853368    0.746356    0.127973    4.000000
31  0    0.019117    0.994491   223.860857     197.597873   26.262984   22.949651 6.177468     0.856189    0.750185    0.127973    4.000000
32  0    0.019000    0.994545   233.577003     206.465948   27.111055   23.690896 8.868076     0.848071    0.741245    0.127973    4.000000
33  0    0.018920    0.994593   240.236247     212.275043   27.961204   24.435547 5.809094     0.850150    0.744651    0.127973    4.000000
34  0    0.018801    0.994635   247.376777     218.564462   28.812315   25.179785 6.289419     0.851111    0.744238    0.127973    4.000000
35  0    0.018678    0.994660   260.413280     230.742471   29.670809   25.926504 12.178009    0.858494    0.746719    0.127973    4.000000
36  0    0.018631    0.994660   266.993626     236.471200   30.522426   26.671032 5.728728     0.851617    0.744528    0.127973    4.000000
37  0    0.018562    0.994660   282.185565     250.816087   31.369477   27.411352 14.344888    0.847051    0.740319    0.127973    4.000000
38  0    0.018462    0.994702   294.034702     261.812652   32.222050   28.157598 10.996565    0.852573    0.746246    0.127973    4.000000
39  0    0.018417    0.994710   304.745945     271.669090   33.076855   28.906144 9.856438     0.854805    0.748547    0.127973    4.000000
40  0    0.018391    0.994714   312.514495     278.583561   33.930934   29.652959 6.914471     0.854078    0.746814    0.127973    4.000000
41  0    0.018343    0.994721   321.731321     286.951275   34.780046   30.396074 8.367713     0.849113    0.743116    0.127973    4.000000
42  0    0.018306    0.994723   329.062105     293.424765   35.637341   31.145769 6.473490     0.857294    0.749695    0.127973    4.000000
43  0    0.018309    0.994723   336.154864     299.662348   36.492516   31.894005 6.237583     0.855176    0.748236    0.127973    4.000000
44  0    0.018228    0.994754   348.106668     310.772273   37.334395   32.630270 11.109926    0.841878    0.736265    0.127973    4.000000
45  0    0.018167    0.994783   359.981216     321.796710   38.184507   33.373815 11.024437    0.850112    0.743545    0.127973    4.000000
46  0    0.018146    0.994785   370.352511     331.314018   39.038493   34.121176 9.517309     0.853986    0.747361    0.127973    4.000000
47  0    0.018145    0.994804   382.426796     342.534356   39.892439   34.869775 11.220338    0.853946    0.748599    0.127973    4.000000
48  0    0.018111    0.994812   388.899575     348.159597   40.739978   35.612031 5.625240     0.847539    0.742256    0.127973    4.000000
49  0    0.018063    0.994815   396.160791     354.570335   41.590456   36.356501 6.410739     0.850478    0.744469    0.127973    4.000000
50  0    0.018015    0.994817   403.070517     360.619925   42.450592   37.107453 6.049590     0.860136    0.750952    0.127973    4.000000
total average training time is: 476.506

total average update time is: 360.62

total average wait time is: 42.4506

total average synchronization time is: 37.1075

Total train time is 522.776 second.
