dim=3231961
procnum = 64,synchronize!!!
Max Iterations = 50
#   RANK ObjectValue Accuracy   SumIterTime   SumUpdaTime SumWaitTime  SumSynTime AvUpdaTime   AvWaitTime  AvSynTime   SparseRatio Rho 
1   0    0.046039    0.982703   8.059846         0.058431    8.001415    6.208415 0.058431     8.001415    6.208415    0.042916    1.000000
2   0    0.031879    0.988953   32.551596       16.603763   15.947833   12.573752 16.545332    7.946417    6.365337    0.042916    1.000000
3   0    0.025812    0.991490   54.063813       30.283345   23.780467   18.891363 13.679582    7.832634    6.317611    0.042916    1.000000
4   0    0.024435    0.992154   68.335432       36.659527   31.675905   25.156303 6.376182     7.895438    6.264939    0.042916    1.000000
5   0    0.022100    0.993103   85.645973       45.804781   39.841192   31.643633 9.145254     8.165288    6.487330    0.042916    1.000000
6   0    0.022090    0.993202   95.906606       47.781712   48.124893   38.130320 1.976932     8.283701    6.486687    0.042916    2.000000
7   0    0.021333    0.993139   110.521123      54.350178   56.170946   44.563279 6.568465     8.046052    6.432959    0.042916    2.000000
8   0    0.020320    0.993698   134.975769      71.090603   63.885166   50.767435 16.740426    7.714220    6.204155    0.042916    2.000000
9   0    0.019477    0.994068   149.508113      77.729386   71.778727   57.100313 6.638783     7.893561    6.332879    0.042916    2.000000
10  0    0.019223    0.994245   167.490580      87.223344   80.267236   63.747293 9.493958     8.488510    6.646980    0.042916    2.000000
11  0    0.019222    0.994243   179.874845      91.306984   88.567861   70.290083 4.083640     8.300625    6.542790    0.042916    2.000000
12  0    0.019022    0.994310   194.122196      97.378211   96.743985   76.769182 6.071227     8.176124    6.479099    0.042916    2.000000
13  0    0.019005    0.994303   211.332657     106.270784  105.061873   83.284535 8.892573     8.317888    6.515353    0.042916    2.000000
14  0    0.018907    0.994343   226.190007     113.011517  113.178491   89.637495 6.740733     8.116618    6.352960    0.042916    2.000000
15  0    0.018913    0.994343   235.260371     114.089796  121.170574   96.027500 1.078280     7.992084    6.390005    0.042916    2.000000
16  0    0.019882    0.994093   246.481115     117.170369  129.310746  102.374177 3.080573     8.140171    6.346677    0.042916    2.000000
17  0    0.020090    0.994122   269.293728     131.845453  137.448275  108.730176 14.675084    8.137529    6.355999    0.042916    2.000000
18  0    0.019844    0.994220   284.937251     139.391220  145.546031  115.067003 7.545767     8.097756    6.336827    0.042916    2.000000
19  0    0.019932    0.994199   298.224221     144.259951  153.964270  121.710135 4.868731     8.418239    6.643132    0.042916    2.000000
20  0    0.020037    0.994191   309.074230     146.676773  162.397458  128.268768 2.416822     8.433187    6.558633    0.042916    2.000000
21  0    0.020047    0.994203   320.720015     150.481474  170.238542  134.531063 3.804701     7.841084    6.262295    0.042916    2.000000
22  0    0.020093    0.994189   333.554046     154.827008  178.727037  141.178346 4.345535     8.488496    6.647283    0.042916    2.000000
23  0    0.020080    0.994201   345.086488     158.198819  186.887669  147.579058 3.371811     8.160632    6.400711    0.042916    2.000000
24  0    0.019911    0.994249   357.719010     162.180431  195.538579  154.283158 3.981612     8.650909    6.704100    0.042916    2.000000
25  0    0.019878    0.994259   369.761414     165.743251  204.018163  160.890472 3.562820     8.479585    6.607315    0.042916    2.000000
26  0    0.020432    0.994176   383.027499     170.780540  212.246959  167.422568 5.037289     8.228795    6.532096    0.042916    2.000000
27  0    0.020494    0.994176   396.109966     175.648277  220.461689  173.899612 4.867737     8.214730    6.477043    0.042916    2.000000
28  0    0.020570    0.994174   408.628419     180.258498  228.369922  180.196499 4.610221     7.908232    6.296888    0.042916    2.000000
29  0    0.020369    0.994239   421.548994     184.873973  236.675021  186.704274 4.615475     8.305100    6.507775    0.042916    2.000000
30  0    0.020418    0.994237   433.271409     188.172366  245.099043  193.332583 3.298394     8.424022    6.628308    0.042916    2.000000
31  0    0.020787    0.994205   446.321245     193.337126  252.984119  199.638455 5.164759     7.885076    6.305873    0.042916    2.000000
32  0    0.020809    0.994216   457.641880     196.388842  261.253038  206.135309 3.051716     8.268919    6.496854    0.042916    2.000000
33  0    0.020731    0.994214   469.911610     200.597853  269.313757  212.556446 4.209011     8.060719    6.421137    0.042916    2.000000
34  0    0.020737    0.994218   481.703460     204.342598  277.360863  218.736113 3.744745     8.047106    6.179667    0.042916    2.000000
35  0    0.020861    0.994216   493.340593     207.516681  285.823912  225.333012 3.174083     8.463050    6.596899    0.042916    2.000000
36  0    0.021028    0.994191   504.565462     210.526997  294.038465  231.807263 3.010316     8.214553    6.474252    0.042916    2.000000
37  0    0.021070    0.994205   515.370388     213.344452  302.025936  238.161173 2.817455     7.987471    6.353910    0.042916    2.000000
38  0    0.021052    0.994211   527.297220     217.507883  309.789337  244.346691 4.163431     7.763401    6.185518    0.042916    2.000000
39  0    0.021128    0.994209   538.483445     220.280442  318.203002  250.921427 2.772559     8.413665    6.574735    0.042916    2.000000
40  0    0.021316    0.994186   550.966643     224.782823  326.183820  257.316550 4.502381     7.980818    6.395124    0.042916    2.000000
41  0    0.021359    0.994184   561.825437     227.441563  334.383873  263.924524 2.658740     8.200053    6.607973    0.042916    2.000000
42  0    0.021346    0.994180   573.684510     231.288534  342.395977  270.320467 3.846970     8.012103    6.395944    0.042916    2.000000
43  0    0.021403    0.994178   584.372713     234.009138  350.363575  276.668481 2.720604     7.967599    6.348014    0.042916    2.000000
44  0    0.021561    0.994164   597.071110     238.381650  358.689460  283.217407 4.372512     8.325884    6.548926    0.042916    2.000000
45  0    0.021626    0.994168   607.915726     240.865461  367.050265  289.767694 2.483811     8.360805    6.550287    0.042916    2.000000
46  0    0.021564    0.994174   619.975377     244.890614  375.084763  296.234621 4.025153     8.034498    6.466927    0.042916    2.000000
47  0    0.021692    0.994172   630.478803     247.534682  382.944122  302.419922 2.644068     7.859359    6.185301    0.042916    2.000000
48  0    0.021830    0.994170   642.677324     251.496281  391.181044  308.882545 3.961599     8.236922    6.462623    0.042916    2.000000
49  0    0.021855    0.994174   653.323451     254.048555  399.274896  315.328690 2.552275     8.093852    6.446146    0.042916    2.000000
50  0    0.021876    0.994199   665.445139     257.880991  407.564148  321.872419 3.832436     8.289252    6.543728    0.042916    2.000000
total average training time is: 798.403

total average update time is: 257.881

total average wait time is: 407.564

total average synchronization time is: 321.872

Total train time is 843.351 second.
