dim=16609143
dim=16609143
dim=16609143
dim=16609143
dim=16609143
procnum=64,synchronize!!!
#   RANK ObjectValue Accuracy   MUpdateTime MWaitTime  SynchTime  
1   0    0.182114    0.946986   44.062600  0.967397   0.616527   
2   0    0.137405    0.959486   27.866532  0.953972   0.615279   
3   0    0.117839    0.964557   18.526967  0.954808   0.615521   
4   0    0.106274    0.967571   18.353350  0.956467   0.611872   
5   0    0.098509    0.970500   17.012227  0.955994   0.613381   
6   0    0.092881    0.972071   16.933486  0.956171   0.613765   
7   0    0.088594    0.973071   16.148142  0.954867   0.615552   
8   0    0.085204    0.974186   13.892370  0.956354   0.617645   
9   0    0.082438    0.974829   12.731378  0.956791   0.615133   
10  0    0.080134    0.975329   12.104910  0.954770   0.614785   
11  0    0.078178    0.975814   10.981614  0.956823   0.615398   
12  0    0.076493    0.976229   8.176275   0.954853   0.612368   
13  0    0.075027    0.976471   8.024671   0.956752   0.614884   
14  0    0.073734    0.976886   8.101397   0.953572   0.613575   
15  0    0.072586    0.977243   8.080543   0.954865   0.613342   
16  0    0.071559    0.977543   8.016151   0.955151   0.614357   
17  0    0.070633    0.977700   8.081144   0.956158   0.614465   
18  0    0.069795    0.977886   8.059757   0.956908   0.614361   
19  0    0.069031    0.978043   7.627428   0.955952   0.613300   
20  0    0.068333    0.978186   7.695672   0.955926   0.615784   
21  0    0.067692    0.978429   7.895438   0.956602   0.615340   
22  0    0.067101    0.978614   7.947391   0.955268   0.613426   
23  0    0.066556    0.978786   7.641153   0.956111   0.616003   
24  0    0.066050    0.978986   7.827556   0.955268   0.615707   
25  0    0.065581    0.979100   7.771232   0.953783   0.613693   
26  0    0.065143    0.979314   7.634046   0.955428   0.616649   
27  0    0.064736    0.979414   7.693257   0.955832   0.616573   
28  0    0.064354    0.979600   7.816452   0.957146   0.615582   
29  0    0.063997    0.979743   8.010709   0.954290   0.613776   
30  0    0.063662    0.979857   7.627225   0.957355   0.614134   
31  0    0.063347    0.980071   8.129345   0.955170   0.617000   
32  0    0.063050    0.980100   7.537089   0.955796   0.618073   
33  0    0.062770    0.980214   7.666807   0.954927   0.613375   
34  0    0.062507    0.980329   7.979219   0.954458   0.612413   
35  0    0.062257    0.980386   7.635652   0.954110   0.613275   
36  0    0.062022    0.980443   7.593938   0.955286   0.615144   
37  0    0.061799    0.980500   7.731922   0.955804   0.615088   
38  0    0.061587    0.980571   7.813775   0.954349   0.612298   
39  0    0.061386    0.980629   7.522372   0.956715   0.613577   
40  0    0.061196    0.980686   7.775714   0.954083   0.612178   
41  0    0.061015    0.980700   7.463119   0.956127   0.614787   
42  0    0.060842    0.980871   7.690248   0.954430   0.612748   
43  0    0.060679    0.980929   7.772356   0.955557   0.613556   
44  0    0.060523    0.981000   7.848606   0.955957   0.614377   
45  0    0.060374    0.981086   7.700502   0.955595   0.613267   
46  0    0.060232    0.981129   7.967187   0.954124   0.611997   
47  0    0.060097    0.981186   7.640303   0.956037   0.613718   
48  0    0.059969    0.981229   7.623308   0.955118   0.614267   
49  0    0.059845    0.981314   7.759877   0.952864   0.614276   
50  0    0.059728    0.981371   7.858628   0.956952   0.615362   
51  0    0.059615    0.981386   7.542909   0.954033   0.614202   
52  0    0.059507    0.981471   7.562047   0.955916   0.613733   
53  0    0.059404    0.981486   7.678014   0.956411   0.615126   
54  0    0.059305    0.981529   7.454383   0.955472   0.616643   
55  0    0.059211    0.981557   7.645006   0.956962   0.613758   
56  0    0.059120    0.981600   7.909383   0.955179   0.612855   
57  0    0.059033    0.981614   7.402984   0.954960   0.612896   
58  0    0.058949    0.981657   7.584789   0.956930   0.616898   
59  0    0.058869    0.981671   7.515361   0.955893   0.613980   
60  0    0.058792    0.981686   7.519573   0.954583   0.615069   
61  0    0.058718    0.981686   7.739602   0.955294   0.614120   
62  0    0.058647    0.981743   7.486504   0.958519   0.617136   
63  0    0.058579    0.981771   7.513123   0.953346   0.614357   
64  0    0.058513    0.981771   7.766715   0.954420   0.615130   
65  0    0.058457    0.981786   7.556208   0.956332   0.616566   
66  0    0.058437    0.981786   4.154822   0.954994   0.613518   
67  0    0.058377    0.981786   7.693339   0.956529   0.614028   
68  0    0.058365    0.981786   4.638927   0.954700   0.617322   
69  0    0.058303    0.981814   7.850799   0.953987   0.612840   
70  0    0.058301    0.981814   4.543050   0.955461   0.615036   
71  0    0.058248    0.981829   8.208432   0.954037   0.611946   
72  0    0.058232    0.981843   5.001492   0.954979   0.613669   
73  0    0.058179    0.981857   7.798194   0.955526   0.612890   
74  0    0.058168    0.981857   4.583516   0.954329   0.614060   
75  0    0.058114    0.981843   8.106805   0.954731   0.613994   
76  0    0.058113    0.981843   1.711571   0.954684   0.614667   
77  0    0.058112    0.981843   4.973992   0.954187   0.613998   
78  0    0.058087    0.981886   6.251351   0.954531   0.614387   
79  0    0.058037    0.981900   6.031974   0.955399   0.615500   
80  0    0.058003    0.981900   6.305690   0.955547   0.614879   
81  0    0.057968    0.981900   6.889046   0.954981   0.614948   
82  0    0.057931    0.981900   5.895753   0.956528   0.614507   
83  0    0.057900    0.981914   6.080531   0.957479   0.615465   
84  0    0.057865    0.981943   6.657571   0.954864   0.612395   
85  0    0.057834    0.981957   6.128164   0.956287   0.614901   
86  0    0.057802    0.981957   6.104475   0.955778   0.613734   
87  0    0.057773    0.981957   6.836775   0.955813   0.616273   
88  0    0.057743    0.981986   6.583249   0.954371   0.613854   
89  0    0.057715    0.981986   6.565748   0.955725   0.615298   
90  0    0.057686    0.982014   6.472348   0.953181   0.614525   
91  0    0.057660    0.982029   6.194160   0.956077   0.614274   
92  0    0.057639    0.982057   6.260383   0.956693   0.616647   
93  0    0.057624    0.982071   4.865520   0.954785   0.614845   
94  0    0.057594    0.982100   6.522138   0.954745   0.616197   
95  0    0.057564    0.982129   5.888975   0.956320   0.616833   
96  0    0.057540    0.982129   7.478849   0.954681   0.613387   
97  0    0.057517    0.982129   6.279024   0.954546   0.614056   
98  0    0.057494    0.982143   6.060492   0.954544   0.613339   
99  0    0.057473    0.982143   6.022081   0.956749   0.613326   
100 0    0.057456    0.982143   5.722203   0.953670   0.612406   
total training time is: 1199

total average update time is: 840.291

total average wait time is: 95.5508

total max synchronization time is: 61.4494

Total train time is 1294.1 second.
