dim=16609143
procnum=128,synchronize!!!
#   RANK ObjectValue Accuracy   MUpdateTime MWaitTime  SynchTime  
1   0    0.217419    0.936057   31.102749  0.531988   0.190097   
2   0    0.167695    0.948286   21.229594  0.523858   0.176019   
3   0    0.144930    0.956186   14.307717  0.524156   0.176470   
4   0    0.130847    0.960657   13.699211  0.522898   0.175068   
5   0    0.121019    0.963614   13.473464  0.523951   0.176211   
6   0    0.113678    0.965486   13.148671  0.524423   0.176311   
7   0    0.107944    0.967014   12.737878  0.524156   0.176220   
8   0    0.103316    0.967857   12.330775  0.522061   0.175980   
9   0    0.099487    0.970071   12.292206  0.524294   0.176438   
10  0    0.096259    0.970857   11.970070  0.523663   0.175957   
11  0    0.093496    0.971786   11.825742  0.524111   0.176102   
12  0    0.091098    0.972471   11.509697  0.523815   0.176322   
13  0    0.088996    0.972914   11.470206  0.524047   0.176148   
14  0    0.087133    0.973529   10.319176  0.521948   0.175701   
15  0    0.085470    0.974086   10.008178  0.523921   0.175815   
16  0    0.083975    0.974443   8.868975   0.523904   0.176041   
17  0    0.082620    0.974729   8.844405   0.522862   0.175911   
18  0    0.081387    0.975014   8.349033   0.523722   0.176059   
19  0    0.080259    0.975300   8.181198   0.523826   0.176153   
20  0    0.079222    0.975543   7.868735   0.523115   0.175680   
21  0    0.078265    0.975800   6.057978   0.524274   0.176774   
22  0    0.077378    0.975971   6.209492   0.523512   0.175588   
23  0    0.076554    0.976200   6.184804   0.523547   0.175526   
24  0    0.075786    0.976314   6.246185   0.523073   0.175847   
25  0    0.075068    0.976414   6.158512   0.522052   0.176284   
26  0    0.074395    0.976557   6.141579   0.523373   0.175835   
27  0    0.073762    0.976729   6.083827   0.523787   0.176360   
28  0    0.073166    0.977043   6.097941   0.523920   0.176152   
29  0    0.072603    0.977186   6.150990   0.521672   0.175780   
30  0    0.072071    0.977329   5.938612   0.524407   0.176161   
31  0    0.071568    0.977471   6.078925   0.524731   0.176454   
32  0    0.071090    0.977557   6.015614   0.522795   0.175472   
33  0    0.070636    0.977686   6.000166   0.524280   0.175534   
34  0    0.070204    0.977786   5.995257   0.522535   0.176510   
35  0    0.069792    0.977829   5.986228   0.522251   0.177508   
36  0    0.069399    0.977971   5.949926   0.523744   0.175901   
37  0    0.069024    0.978029   5.936607   0.523302   0.176349   
38  0    0.068666    0.978086   6.065058   0.524320   0.177015   
39  0    0.068324    0.978200   6.044786   0.523664   0.175784   
40  0    0.067995    0.978314   5.924288   0.522365   0.176133   
41  0    0.067680    0.978414   6.064115   0.524268   0.176498   
42  0    0.067378    0.978529   5.944712   0.523040   0.175763   
43  0    0.067087    0.978600   6.072835   0.523825   0.176188   
44  0    0.066809    0.978700   6.061733   0.523953   0.176059   
45  0    0.066540    0.978786   5.991590   0.522134   0.176359   
46  0    0.066282    0.978871   5.966531   0.523857   0.176050   
47  0    0.066034    0.978957   6.157593   0.524264   0.176972   
48  0    0.065794    0.979071   6.020434   0.524522   0.176951   
49  0    0.065563    0.979129   5.928962   0.523617   0.175599   
50  0    0.065340    0.979200   5.971556   0.522565   0.175952   
51  0    0.065124    0.979314   6.122598   0.523238   0.176037   
52  0    0.064917    0.979386   6.051595   0.523915   0.175845   
53  0    0.064716    0.979457   5.947796   0.522530   0.175556   
54  0    0.064522    0.979514   5.959798   0.521879   0.175803   
55  0    0.064334    0.979629   6.039866   0.523878   0.176063   
56  0    0.064152    0.979686   6.066925   0.523970   0.176007   
57  0    0.063976    0.979743   5.999548   0.524887   0.178330   
58  0    0.063806    0.979771   6.009015   0.523482   0.175445   
59  0    0.063641    0.979871   6.033917   0.523513   0.176039   
60  0    0.063480    0.980000   6.076794   0.523980   0.176084   
61  0    0.063325    0.980071   5.950231   0.523965   0.176235   
62  0    0.063175    0.980086   5.997760   0.524884   0.176575   
63  0    0.063028    0.980100   5.972271   0.522991   0.174901   
64  0    0.062886    0.980157   5.974423   0.524174   0.177095   
65  0    0.062748    0.980243   5.985618   0.521813   0.175524   
66  0    0.062615    0.980314   5.936454   0.523798   0.175752   
67  0    0.062485    0.980343   5.974918   0.524160   0.176537   
68  0    0.062358    0.980371   5.918226   0.523681   0.175759   
69  0    0.062235    0.980400   5.969755   0.524016   0.175966   
70  0    0.062116    0.980400   6.030214   0.523645   0.175783   
71  0    0.062000    0.980429   5.913578   0.524172   0.176291   
72  0    0.061887    0.980457   5.924060   0.524337   0.176405   
73  0    0.061777    0.980500   5.945732   0.523927   0.176049   
74  0    0.061669    0.980543   5.983773   0.524634   0.176860   
75  0    0.061565    0.980571   5.924640   0.523388   0.175921   
76  0    0.061464    0.980614   6.068343   0.523987   0.176672   
77  0    0.061364    0.980643   5.996126   0.524088   0.176301   
78  0    0.061268    0.980657   6.008717   0.521922   0.175757   
79  0    0.061174    0.980671   5.956657   0.525580   0.177231   
80  0    0.061083    0.980714   5.917553   0.524036   0.176478   
81  0    0.060993    0.980757   5.938862   0.522441   0.175673   
82  0    0.060906    0.980786   5.881244   0.523920   0.176090   
83  0    0.060821    0.980871   6.005766   0.523886   0.176146   
84  0    0.060738    0.980900   5.981943   0.523852   0.175980   
85  0    0.060658    0.980957   6.014279   0.521697   0.175708   
86  0    0.060579    0.981000   5.990389   0.522348   0.176059   
87  0    0.060502    0.981043   5.989240   0.522344   0.175700   
88  0    0.060427    0.981086   6.054677   0.523803   0.176030   
89  0    0.060353    0.981086   5.912299   0.523425   0.175577   
90  0    0.060282    0.981114   5.898934   0.523094   0.176293   
91  0    0.060212    0.981143   5.966403   0.547390   0.189604   
92  0    0.060144    0.981186   5.955243   0.524183   0.176867   
93  0    0.060077    0.981214   5.892889   0.524466   0.176924   
94  0    0.060012    0.981229   5.996205   0.523336   0.175383   
95  0    0.059949    0.981257   5.894972   0.523758   0.175879   
96  0    0.059886    0.981300   5.983400   0.523616   0.175754   
97  0    0.059826    0.981314   5.987136   0.523916   0.176103   
98  0    0.059766    0.981371   5.946308   0.524028   0.175989   
99  0    0.059708    0.981386   5.936697   0.522565   0.175425   
100 0    0.059651    0.981400   5.946882   0.522154   0.175907   
total training time is: 1094

total average update time is: 733.819

total average wait time is: 52.3871

total max synchronization time is: 17.6385

Total train time is 1192.29 second.
