dim=3231961
procnum=64,synchronize!!!
#   RANK ObjectValue Accuracy   MUpdateTime MWaitTime  SynchTime  
1   0    0.053300    0.980469   19.776682  0.691251   1.545734   
2   0    0.043404    0.983882   12.270470  0.608307   1.050732   
3   0    0.040630    0.985197   0.299392   3.597052   6.425082   
4   0    0.037732    0.986244   6.211516   6.901422   10.205790  
5   0    0.036070    0.986950   0.299432   3.162798   5.842010   
6   0    0.035394    0.987288   3.299314   3.017306   4.390027   
7   0    0.034465    0.987618   4.848088   3.909558   6.057113   
8   0    0.033995    0.987759   0.309182   6.036843   6.578185   
9   0    0.033367    0.988035   0.306736   3.711323   5.064024   
10  0    0.032736    0.988252   5.261259   4.309732   6.703518   
11  0    0.032666    0.988273   2.539405   7.304461   7.512692   
12  0    0.032098    0.988498   0.305401   4.645777   6.367950   
13  0    0.031812    0.988627   0.301428   3.926792   4.925236   
14  0    0.031352    0.988728   0.308292   4.506241   7.032335   
15  0    0.031115    0.988786   3.897245   4.399360   5.969673   
16  0    0.030955    0.988849   0.306080   6.164191   7.011165   
17  0    0.030650    0.988911   0.307416   4.249797   5.980454   
18  0    0.030344    0.989049   0.301024   6.677806   8.377714   
19  0    0.030097    0.989112   3.786349   8.055223   10.350422  
20  0    0.029925    0.989124   0.298390   5.214197   6.586795   
21  0    0.029800    0.989178   2.290080   9.104192   10.718458  
22  0    0.029625    0.989228   0.304859   7.011028   8.092432   
23  0    0.029457    0.989270   2.379866   11.511048  13.817158  
24  0    0.029361    0.989287   0.302076   8.493795   9.954884   
25  0    0.029151    0.989324   2.372786   5.819835   7.747926   
26  0    0.029097    0.989379   0.305971   5.116511   5.957850   
27  0    0.028997    0.989400   3.065064   7.245801   9.056587   
28  0    0.028915    0.989441   0.305843   4.232060   4.961656   
29  0    0.028798    0.989458   2.485104   8.993803   11.307737  
30  0    0.028698    0.989512   0.304085   8.733575   9.781634   
total training time is: 263

total average update time is: 88.691

total average wait time is: 167.351

total max synchronization time is: 215.373

Total train time is 269.3 second.
