dim=3231961
procnum=32,synchronize!!!
#   RANK ObjectValue Accuracy   MUpdateTime MWaitTime  SynchTime  
1   0    0.047659    0.982213   26.618349  0.710364   1.966522   
2   0    0.039877    0.985201   17.106628  1.830454   6.462042   
3   0    0.038242    0.985965   0.411937   5.571512   6.505059   
4   0    0.034849    0.987463   7.596005   4.918040   12.310066  
5   0    0.034732    0.987488   0.414055   0.154662   0.112191   
6   0    0.034256    0.987638   7.851363   6.395469   7.528904   
7   0    0.032767    0.988168   0.408622   5.084929   11.115968  
8   0    0.032560    0.988260   0.414295   7.327126   7.705612   
9   0    0.032386    0.988306   0.412778   10.936033  11.944230  
10  0    0.032377    0.988331   0.413765   9.088731   9.650798   
11  0    0.031403    0.988669   12.355585  11.313065  17.484190  
12  0    0.030884    0.988845   0.412821   8.406760   10.607048  
13  0    0.030276    0.989049   0.411024   12.804151  19.028166  
14  0    0.030019    0.989124   11.730464  9.640344   12.264179  
15  0    0.029686    0.989258   13.683474  10.451735  13.367781  
16  0    0.029358    0.989329   0.406437   14.542062  19.648854  
17  0    0.029013    0.989466   16.428136  12.537365  16.110273  
18  0    0.028797    0.989541   0.407549   13.378509  18.231130  
19  0    0.028612    0.989612   0.412821   16.533183  20.303102  
20  0    0.028403    0.989650   0.406286   17.907788  22.068854  
21  0    0.028202    0.989754   15.995991  16.557972  20.360830  
22  0    0.028088    0.989821   0.407706   12.965050  16.937669  
23  0    0.027974    0.989875   25.341847  20.910521  25.013522  
24  0    0.027825    0.989913   0.406765   12.589807  16.732898  
25  0    0.027633    0.989996   11.984799  18.935025  23.614974  
26  0    0.027555    0.990026   0.407843   13.224176  17.756253  
27  0    0.027348    0.990076   16.275603  19.373750  25.090470  
28  0    0.027251    0.990122   0.408446   16.777600  20.952236  
29  0    0.027164    0.990188   10.984894  14.328435  17.543637  
30  0    0.027059    0.990222   0.407604   11.979471  18.330273  
total training time is: 503

total average update time is: 159.515

total average wait time is: 337.174

total max synchronization time is: 446.748

Total train time is 510.074 second.
