dim=3231961
procnum=32,synchronize!!!
#   RANK ObjectValue Accuracy   MUpdateTime MWaitTime  SynchTime  
1   0    0.047659    0.982213   26.664513  0.549829   1.550532   
2   0    0.039877    0.985201   17.066719  1.784772   6.440580   
3   0    0.038242    0.985965   0.411406   5.554624   6.480416   
4   0    0.034849    0.987463   7.644978   4.976542   12.359962  
5   0    0.034732    0.987488   0.414334   0.154149   0.104476   
6   0    0.034256    0.987638   7.828231   6.377992   7.498430   
7   0    0.032767    0.988168   0.407338   5.098893   11.184461  
8   0    0.032560    0.988260   0.413230   7.311622   7.688013   
9   0    0.032386    0.988306   0.414511   10.885782  11.886375  
10  0    0.032377    0.988331   0.412869   9.098780   9.650895   
11  0    0.031403    0.988669   12.382142  11.317478  17.503715  
12  0    0.030884    0.988845   0.411454   8.447860   10.641551  
13  0    0.030276    0.989049   0.409886   12.708689  18.944696  
14  0    0.030019    0.989124   11.659692  9.654545   12.271243  
15  0    0.029686    0.989258   13.708639  10.482391  13.375368  
16  0    0.029358    0.989329   0.406472   14.438709  19.573833  
17  0    0.029013    0.989466   16.428856  12.599316  16.202459  
18  0    0.028797    0.989541   0.409088   13.347564  18.242467  
19  0    0.028612    0.989612   0.411464   16.439000  20.204135  
20  0    0.028403    0.989650   0.408998   17.849206  22.031788  
21  0    0.028202    0.989754   16.050391  16.663111  20.469613  
22  0    0.028088    0.989821   0.409120   12.982263  16.981537  
23  0    0.027974    0.989875   25.313359  20.885115  24.984264  
24  0    0.027825    0.989913   0.408509   12.475731  16.628489  
25  0    0.027633    0.989996   11.989884  18.954259  23.650701  
26  0    0.027555    0.990026   0.407859   13.165966  17.685408  
27  0    0.027348    0.990076   16.262288  19.607379  25.356337  
28  0    0.027251    0.990122   0.409517   16.752814  20.936875  
29  0    0.027164    0.990188   10.975401  14.309403  17.528913  
30  0    0.027059    0.990222   0.406119   11.945242  18.305167  
31  0    0.027064    0.990167   11.571534  16.492596  20.488940  
32  0    0.026960    0.990226   0.411301   17.858922  21.381890  
33  0    0.026966    0.990213   7.312213   7.475908   8.501516   
34  0    0.026894    0.990222   0.411470   16.935265  22.756449  
35  0    0.026710    0.990334   10.154469  16.690486  20.997811  
36  0    0.026690    0.990343   10.311376  12.785156  19.558028  
37  0    0.026828    0.990293   0.412438   15.890516  19.243736  
38  0    0.026740    0.990339   0.410083   14.624363  20.446001  
39  0    0.026671    0.990351   0.409390   15.154498  18.526252  
40  0    0.026553    0.990380   0.412425   12.920162  16.476940  
41  0    0.026539    0.990393   0.411098   17.319634  19.626759  
42  0    0.026590    0.990376   15.539864  22.311591  29.003949  
43  0    0.026471    0.990384   0.408276   20.313558  25.218401  
44  0    0.026689    0.990355   18.413313  17.119556  20.349402  
45  0    0.026642    0.990380   0.412989   16.829099  20.341630  
46  0    0.026479    0.990330   19.687260  16.846167  23.681933  
47  0    0.026399    0.990359   0.416611   17.722533  21.125494  
48  0    0.026351    0.990410   0.410156   13.912756  18.691148  
49  0    0.026329    0.990393   15.937058  17.935795  24.341666  
50  0    0.026434    0.990418   0.411746   15.023145  20.671371  
51  0    0.026343    0.990468   12.868675  16.310331  21.588084  
52  0    0.026391    0.990451   9.230935   14.752258  18.157865  
53  0    0.026236    0.990497   0.407905   15.351032  19.598413  
54  0    0.026184    0.990506   0.411249   15.058320  20.374603  
55  0    0.026167    0.990485   0.409826   16.513718  22.792630  
56  0    0.026143    0.990510   0.410989   10.746151  14.346468  
57  0    0.026139    0.990455   0.410884   22.630499  27.789721  
58  0    0.026148    0.990501   0.411103   12.603260  17.673131  
59  0    0.026176    0.990476   0.412143   15.998618  20.634448  
60  0    0.026079    0.990506   9.392799   17.363690  26.967119  
61  0    0.026106    0.990464   4.458677   11.251156  13.632133  
62  0    0.026169    0.990531   0.414260   16.198476  20.661643  
63  0    0.026079    0.990539   0.413161   11.665364  15.499221  
64  0    0.026033    0.990526   0.410875   16.465072  19.557028  
65  0    0.026064    0.990489   0.412704   20.598966  25.465992  
66  0    0.026027    0.990526   18.804214  15.372471  22.730147  
67  0    0.026004    0.990501   0.416013   11.204554  12.997735  
68  0    0.025965    0.990560   20.334231  24.839300  31.445061  
69  0    0.025935    0.990526   0.407951   11.665324  14.126709  
70  0    0.025965    0.990535   13.744844  14.884086  19.947926  
71  0    0.025990    0.990556   0.413520   16.233758  20.717096  
72  0    0.026102    0.990581   4.833034   17.982954  25.599276  
73  0    0.026168    0.990472   16.289840  17.557407  23.279564  
74  0    0.025886    0.990556   0.414435   21.852632  28.137249  
75  0    0.025847    0.990576   0.405983   16.210694  22.773659  
76  0    0.025922    0.990501   18.405881  17.055542  22.169716  
77  0    0.025821    0.990576   0.408465   24.857268  29.288801  
78  0    0.025815    0.990568   0.415144   11.544222  17.090199  
79  0    0.025800    0.990551   18.759897  21.196875  26.911926  
80  0    0.025796    0.990597   0.413189   19.131517  24.313412  
81  0    0.025844    0.990647   0.409239   16.441804  21.986803  
82  0    0.025958    0.990589   0.411747   16.722328  21.575867  
83  0    0.025747    0.990622   0.411041   18.427340  25.632694  
84  0    0.025748    0.990618   0.415213   14.239313  17.424676  
85  0    0.025712    0.990568   0.409592   16.232626  22.017831  
86  0    0.025676    0.990585   4.386136   19.974169  23.041861  
87  0    0.025781    0.990647   17.548319  16.563800  25.130864  
88  0    0.025642    0.990593   0.411233   20.175494  24.877199  
89  0    0.025645    0.990568   0.411001   18.803237  26.204080  
90  0    0.025643    0.990585   0.416582   20.819342  23.152558  
91  0    0.025636    0.990681   0.410399   16.553128  25.826677  
92  0    0.025617    0.990622   0.413273   14.511094  19.472839  
93  0    0.025602    0.990647   23.593151  25.344826  33.843869  
94  0    0.025581    0.990627   0.413193   18.990979  22.370592  
95  0    0.025607    0.990622   14.694038  15.199051  22.043268  
96  0    0.025528    0.990702   0.409388   14.320533  18.384362  
97  0    0.025533    0.990677   13.085231  21.624781  26.832783  
98  0    0.025520    0.990689   0.409966   12.439540  17.013479  
99  0    0.025528    0.990635   12.049467  20.210239  26.814456  
100 0    0.025510    0.990614   0.414407   20.550304  24.767898  
total training time is: 2079

total average update time is: 542.893

total average wait time is: 1512.22

total max synchronization time is: 1972.47

Total train time is 2085.33 second.
