dim=3231961
procnum=32,synchronize!!!
#   RANK ObjectValue Accuracy   MUpdateTime MWaitTime  SynchTime  
1   0    0.047659    0.982213   26.660730  0.632015   1.842261   
2   0    0.039877    0.985201   17.111524  1.770975   6.382831   
3   0    0.038242    0.985965   0.413383   5.582464   6.516024   
4   0    0.034849    0.987463   7.704953   5.018566   12.428480  
5   0    0.034732    0.987488   0.415151   0.154996   0.100479   
6   0    0.034256    0.987638   7.714872   6.280221   7.381824   
7   0    0.032767    0.988168   0.409353   5.052906   11.100252  
8   0    0.032560    0.988260   0.411294   7.322530   7.701720   
9   0    0.032386    0.988306   0.415208   10.938842  11.945006  
10  0    0.032377    0.988331   0.413115   9.032021   9.585289   
11  0    0.031403    0.988669   12.453200  11.282746  17.484073  
12  0    0.030884    0.988845   0.413076   8.404854   10.598885  
13  0    0.030276    0.989049   0.409059   12.670410  18.892429  
14  0    0.030019    0.989124   11.759089  9.696426   12.317450  
15  0    0.029686    0.989258   13.725574  10.497998  13.396907  
16  0    0.029358    0.989329   0.404992   14.382202  19.514441  
17  0    0.029013    0.989466   16.503059  12.586330  16.175811  
18  0    0.028797    0.989541   0.411350   13.219149  18.085481  
19  0    0.028612    0.989612   0.410151   16.526823  20.299894  
20  0    0.028403    0.989650   0.408473   17.930221  22.095524  
21  0    0.028202    0.989754   16.017138  16.548137  20.334565  
22  0    0.028088    0.989821   0.411485   12.870083  16.868384  
23  0    0.027974    0.989875   25.392275  20.953302  25.061251  
24  0    0.027825    0.989913   0.410501   12.545371  16.712904  
25  0    0.027633    0.989996   11.998508  18.818820  23.492584  
26  0    0.027555    0.990026   0.407987   13.175300  17.694670  
27  0    0.027348    0.990076   16.311447  19.334529  25.044099  
28  0    0.027251    0.990122   0.406224   16.865547  21.053875  
29  0    0.027164    0.990188   11.029287  14.431692  17.662913  
30  0    0.027059    0.990222   0.408455   11.912306  18.257264  
total training time is: 503

total average update time is: 159.758

total average wait time is: 336.438

total max synchronization time is: 446.028

Total train time is 509.538 second.
