dim=3231961
procnum=128,synchronize!!!
#   RANK ObjectValue Accuracy   MUpdateTime MWaitTime  SynchTime  
1   0    0.060770    0.978252   16.140470  1.105020   2.161171   
2   0    0.048428    0.982280   9.138171   0.820229   1.510246   
3   0    0.043409    0.984254   5.809163   1.745402   2.460221   
4   0    0.040594    0.985214   5.992892   0.867055   1.424973   
5   0    0.039559    0.985618   0.258203   2.706261   4.299955   
6   0    0.038061    0.986186   2.797920   2.608258   3.889979   
7   0    0.037142    0.986578   0.256879   2.459157   3.855515   
8   0    0.036494    0.986825   2.796534   2.452976   3.680077   
9   0    0.035717    0.987163   0.257064   2.347172   3.759617   
10  0    0.035598    0.987221   0.265039   1.946943   2.082705   
11  0    0.035064    0.987434   2.499285   3.601562   4.424189   
12  0    0.034482    0.987705   0.256006   5.652882   7.046382   
13  0    0.034402    0.987726   2.056936   1.946528   2.071775   
14  0    0.034071    0.987864   0.260134   2.953917   3.790535   
15  0    0.033717    0.988014   0.257969   4.252960   5.179049   
16  0    0.033385    0.988123   0.262278   2.969422   3.846929   
17  0    0.033169    0.988198   2.333663   4.328930   4.913558   
18  0    0.032841    0.988269   2.961505   4.781060   7.047253   
19  0    0.032686    0.988314   0.261975   5.125872   5.990745   
20  0    0.032421    0.988481   0.256655   6.126701   7.505942   
21  0    0.032205    0.988536   3.239540   5.064713   6.076634   
22  0    0.031996    0.988602   0.254628   5.185501   6.628249   
23  0    0.031782    0.988644   3.534213   4.637175   5.914638   
24  0    0.031644    0.988678   0.259347   5.871440   6.629388   
25  0    0.031440    0.988728   2.014450   3.357985   4.783680   
26  0    0.031313    0.988774   0.258913   5.476939   6.429138   
27  0    0.031129    0.988832   0.259979   4.752541   5.972130   
28  0    0.030945    0.988899   1.950338   4.889878   5.839267   
29  0    0.030780    0.988915   2.528976   4.217323   5.120271   
30  0    0.030641    0.988961   0.260865   4.646012   5.445217   
total training time is: 187

total average update time is: 70.8715

total average wait time is: 108.898

total max synchronization time is: 139.779

Total train time is 193.319 second.
