dim=3231961
procnum=32,synchronize!!!
#   RANK ObjectValue Accuracy   MUpdateTime MWaitTime  SynchTime  
1   0    0.047659    0.982213   26.627079  0.598926   1.695037   
2   0    0.039877    0.985201   17.119764  1.794354   6.361290   
3   0    0.038242    0.985965   0.408965   5.575069   6.505764   
4   0    0.034849    0.987463   7.809742   4.895497   12.327082  
5   0    0.034732    0.987488   0.413330   0.152224   0.098560   
6   0    0.034256    0.987638   7.753146   6.306397   7.419090   
7   0    0.032767    0.988168   0.407180   5.124380   11.195257  
8   0    0.032560    0.988260   0.409800   7.333965   7.711282   
9   0    0.032386    0.988306   0.415103   10.917024  11.922859  
10  0    0.032377    0.988331   0.412709   9.099897   9.654631   
11  0    0.031403    0.988669   12.382516  11.343174  17.550644  
12  0    0.030884    0.988845   0.409538   8.430531   10.626831  
13  0    0.030276    0.989049   0.407508   12.718913  18.910501  
14  0    0.030019    0.989124   11.620092  9.674054   12.287913  
15  0    0.029686    0.989258   13.704865  10.477399  13.368719  
16  0    0.029358    0.989329   0.405738   14.452464  19.594901  
17  0    0.029013    0.989466   16.422246  12.509862  16.092350  
18  0    0.028797    0.989541   0.407398   13.286570  18.142106  
19  0    0.028612    0.989612   0.409359   16.490091  20.244778  
20  0    0.028403    0.989650   0.408705   17.930327  22.108505  
21  0    0.028202    0.989754   15.964633  16.566489  20.359253  
22  0    0.028088    0.989821   0.408587   12.939461  16.942551  
23  0    0.027974    0.989875   25.283866  20.853211  24.952810  
24  0    0.027825    0.989913   0.405664   12.493014  16.659717  
25  0    0.027633    0.989996   11.970910  18.865874  23.532196  
26  0    0.027555    0.990026   0.405259   13.291714  17.834427  
27  0    0.027348    0.990076   16.226732  19.359707  25.067698  
28  0    0.027251    0.990122   0.407554   16.774836  20.942100  
29  0    0.027164    0.990188   10.948280  14.404196  17.624549  
30  0    0.027059    0.990222   0.405551   11.966422  18.306790  
31  0    0.027064    0.990167   11.575739  16.480950  20.475065  
32  0    0.026960    0.990226   0.409393   17.743852  21.260730  
33  0    0.026966    0.990213   7.289891   7.507986   8.536889   
34  0    0.026894    0.990222   0.409889   16.917957  22.726288  
35  0    0.026710    0.990334   10.132219  16.783843  21.071082  
36  0    0.026690    0.990343   10.301694  12.783883  19.578067  
37  0    0.026828    0.990293   0.409952   15.938763  19.294892  
38  0    0.026740    0.990339   0.411181   14.592668  20.439869  
39  0    0.026671    0.990351   0.408121   14.978359  18.364401  
40  0    0.026553    0.990380   0.408453   12.862574  16.432932  
41  0    0.026539    0.990393   0.410715   17.222954  19.526393  
42  0    0.026590    0.990376   15.521748  22.412860  29.092358  
43  0    0.026471    0.990384   0.407614   20.298126  25.173359  
44  0    0.026689    0.990355   18.382181  17.224351  20.461089  
45  0    0.026642    0.990380   0.412463   16.813016  20.308428  
46  0    0.026479    0.990330   19.666001  16.828232  23.653929  
47  0    0.026399    0.990359   0.411432   17.907457  21.350381  
48  0    0.026351    0.990410   0.408186   13.982219  18.758453  
49  0    0.026329    0.990393   15.932444  18.017204  24.446804  
50  0    0.026434    0.990418   0.411302   14.944549  20.588777  
51  0    0.026343    0.990468   12.807654  16.279514  21.538978  
52  0    0.026391    0.990451   9.202428   14.733580  18.133057  
53  0    0.026236    0.990497   0.406094   15.341559  19.579298  
54  0    0.026184    0.990506   0.407774   15.101323  20.412404  
55  0    0.026167    0.990485   0.408810   16.449177  22.734887  
56  0    0.026143    0.990510   0.410141   10.771539  14.379084  
57  0    0.026139    0.990455   0.410337   22.565691  27.717812  
58  0    0.026148    0.990501   0.407032   12.741964  17.845580  
59  0    0.026176    0.990476   0.409269   16.001471  20.620724  
60  0    0.026079    0.990506   9.414999   17.233176  26.854185  
61  0    0.026106    0.990464   4.439646   11.236236  13.608651  
62  0    0.026169    0.990531   0.416334   16.128664  20.588537  
63  0    0.026079    0.990539   0.410848   11.511884  15.332814  
64  0    0.026033    0.990526   0.411036   16.478170  19.565437  
65  0    0.026064    0.990489   0.409751   20.609418  25.457094  
total training time is: 1244

total average update time is: 336.455

total average wait time is: 892.051

total max synchronization time is: 1161.95

Total train time is 1250.46 second.
