dim=3231961
procnum=32,synchronize!!!
#   RANK ObjectValue Accuracy   MUpdateTime MWaitTime  SynchTime  
1   0    0.047659    0.982213   26.767757  0.598753   1.654203   
2   0    0.039877    0.985201   17.086701  1.841514   6.465775   
3   0    0.038242    0.985965   0.411998   5.565330   6.492572   
4   0    0.034849    0.987463   7.664938   4.980942   12.368388  
5   0    0.034732    0.987488   0.411703   0.154719   0.099886   
6   0    0.034256    0.987638   7.831694   6.384707   7.506339   
7   0    0.032767    0.988168   0.406469   5.058915   11.113913  
8   0    0.032560    0.988260   0.410743   7.318116   7.698165   
9   0    0.032386    0.988306   0.412110   10.888907  11.896348  
10  0    0.032377    0.988331   0.412450   9.043237   9.592316   
11  0    0.031403    0.988669   12.438333  11.356346  17.553873  
12  0    0.030884    0.988845   0.407708   8.411496   10.609526  
13  0    0.030276    0.989049   0.406471   12.758262  18.976723  
14  0    0.030019    0.989124   11.699338  9.705609   12.319029  
15  0    0.029686    0.989258   13.735708  10.511815  13.408922  
16  0    0.029358    0.989329   0.402911   14.468510  19.596396  
17  0    0.029013    0.989466   16.507879  12.580935  16.183550  
18  0    0.028797    0.989541   0.408121   13.378296  18.260322  
19  0    0.028612    0.989612   0.408791   16.480635  20.238885  
20  0    0.028403    0.989650   0.404802   17.952786  22.126185  
total training time is: 418

total average update time is: 110.473

total average wait time is: 179.44

total max synchronization time is: 244.161

Total train time is 424.642 second.
