dim=3231961
procnum=32,synchronize!!!
#   RANK ObjectValue Accuracy   MUpdateTime MWaitTime  SynchTime  
1   0    0.047659    0.982213   17.158556  0.505366   1.355335   
2   0    0.039877    0.985201   11.650536  1.166002   4.579192   
3   0    0.038242    0.985965   0.313937   5.092871   5.976934   
4   0    0.034849    0.987463   5.493580   4.893418   10.059482  
5   0    0.034732    0.987488   0.312273   0.102099   0.069308   
6   0    0.034256    0.987638   6.655157   5.413368   6.406406   
7   0    0.032767    0.988168   0.310359   3.289726   7.660318   
8   0    0.032560    0.988260   0.312179   7.088063   7.472321   
9   0    0.032386    0.988306   0.315146   10.149060  11.097491  
10  0    0.032377    0.988331   0.316420   8.851352   9.411855   
11  0    0.031403    0.988669   10.934312  9.208073   14.095981  
12  0    0.030884    0.988845   0.316737   7.956366   9.991823   
13  0    0.030276    0.989049   0.316128   11.655649  16.561652  
14  0    0.030019    0.989124   10.772674  9.406742   11.827636  
15  0    0.029686    0.989258   12.772280  9.988419   12.665183  
16  0    0.029358    0.989329   0.311339   14.403792  18.772092  
17  0    0.029013    0.989466   15.647113  12.272095  15.396888  
18  0    0.028797    0.989541   0.309520   12.565781  16.749100  
19  0    0.028612    0.989612   0.313083   16.259075  19.693370  
20  0    0.028403    0.989650   0.309010   17.199284  20.920740  
21  0    0.028202    0.989754   14.260625  15.042358  18.409347  
22  0    0.028088    0.989821   0.309919   11.297133  14.872404  
23  0    0.027974    0.989875   23.537980  19.555265  23.286550  
24  0    0.027825    0.989913   0.309326   10.679097  14.404035  
25  0    0.027633    0.989996   11.605336  16.200454  20.327540  
26  0    0.027555    0.990026   0.312910   11.980659  15.923372  
27  0    0.027348    0.990076   15.453515  15.185337  19.662157  
28  0    0.027251    0.990122   0.313687   15.302837  18.959644  
29  0    0.027164    0.990188   9.817612   13.242846  16.202514  
30  0    0.027059    0.990222   0.315415   9.550983   14.840010  
total training time is: 438

total average update time is: 125.567

total average wait time is: 305.504

total max synchronization time is: 397.651

Total train time is 444.109 second.
