dim=3231961
procnum=32,synchronize!!!
#   RANK ObjectValue Accuracy   MUpdateTime MWaitTime  SynchTime  
1   0    0.047659    0.982213   26.704011  0.643286   1.771921   
2   0    0.039877    0.985201   17.105510  1.840697   6.442431   
3   0    0.038242    0.985965   0.411136   5.559953   6.490951   
4   0    0.034849    0.987463   7.582840   5.084560   12.496587  
5   0    0.034732    0.987488   0.414192   0.152746   0.103579   
6   0    0.034256    0.987638   7.825407   6.375808   7.493633   
7   0    0.032767    0.988168   0.406981   5.102407   11.173769  
8   0    0.032560    0.988260   0.413823   7.316744   7.686962   
9   0    0.032386    0.988306   0.415413   10.891668  11.901471  
10  0    0.032377    0.988331   0.413570   9.091564   9.639397   
11  0    0.031403    0.988669   12.429139  11.356951  17.549661  
12  0    0.030884    0.988845   0.409638   8.405877   10.593908  
13  0    0.030276    0.989049   0.409656   12.829277  19.063886  
14  0    0.030019    0.989124   11.722578  9.664137   12.290568  
15  0    0.029686    0.989258   13.706629  10.479009  13.373277  
16  0    0.029358    0.989329   0.406444   14.489860  19.595648  
17  0    0.029013    0.989466   16.475349  12.550825  16.153145  
18  0    0.028797    0.989541   0.410143   13.350473  18.235788  
19  0    0.028612    0.989612   0.414165   16.472790  20.223899  
20  0    0.028403    0.989650   0.408129   17.934282  22.095678  
21  0    0.028202    0.989754   15.980132  16.724168  20.521329  
22  0    0.028088    0.989821   0.408288   12.935533  16.910939  
23  0    0.027974    0.989875   25.326687  20.889940  24.996593  
24  0    0.027825    0.989913   0.408608   12.471243  16.612908  
25  0    0.027633    0.989996   11.991505  18.814223  23.493653  
26  0    0.027555    0.990026   0.407490   13.103330  17.616209  
27  0    0.027348    0.990076   16.295581  19.418376  25.141298  
28  0    0.027251    0.990122   0.408108   16.769113  20.950876  
29  0    0.027164    0.990188   10.986047  14.322722  17.543156  
30  0    0.027059    0.990222   0.407762   11.994194  18.360716  
total training time is: 504

total average update time is: 159.911

total average wait time is: 337.036

total max synchronization time is: 446.524

Total train time is 510.212 second.
dim=3231961
procnum=32,synchronize!!!
#   RANK ObjectValue Accuracy   MUpdateTime MWaitTime  SynchTime  
1   0    0.047659    0.982213   28.240305  0.581644   1.722364   
2   0    0.039873    0.985205   19.123252  1.634575   6.906674   
3   0    0.038353    0.985940   0.423724   5.948879   6.701020   
4   0    0.034911    0.987430   9.536700   4.817098   12.985395  
5   0    0.034792    0.987480   0.419457   0.112764   0.059636   
6   0    0.034407    0.987601   7.666645   6.460563   7.475389   
7   0    0.032857    0.988135   0.424550   4.949412   11.914489  
8   0    0.032676    0.988223   0.424747   7.925039   8.119803   
9   0    0.032490    0.988277   0.423754   11.966534  13.043127  
10  0    0.032540    0.988248   0.426760   9.542093   9.907467   
11  0    0.031633    0.988582   11.752537  11.151648  17.772539  
