dim=16609143
procnum=32,synchronize!!!
#   RANK ObjectValue Accuracy   MUpdateTime MWaitTime  SynchTime  
1   0    0.150122    0.957616   60.354141  1.763732   2.724922   
2   0    0.111034    0.966179   30.329681  3.393449   7.011556   
3   0    0.095275    0.971333   27.177940  3.140953   7.308180   
4   0    0.086513    0.973373   22.534411  3.018029   6.482226   
5   0    0.080887    0.974688   20.799634  4.957317   8.379435   
6   0    0.076901    0.975681   13.174496  6.110738   8.283808   
7   0    0.073899    0.976594   11.842344  2.030754   2.609205   
8   0    0.071546    0.977211   11.719714  1.809793   2.197384   
9   0    0.069647    0.977506   11.679276  1.357019   1.465318   
10  0    0.068082    0.977990   11.681728  1.511621   2.228439   
11  0    0.066770    0.978365   11.657131  1.163872   1.987640   
12  0    0.065654    0.978714   11.674580  1.031327   1.667944   
13  0    0.064696    0.978983   11.632612  0.991951   1.595329   
14  0    0.063864    0.979385   11.599579  0.976685   1.626171   
15  0    0.063134    0.979546   11.639093  0.917974   0.851696   
16  0    0.062492    0.979707   11.442998  1.031615   1.725833   
17  0    0.061923    0.979842   11.124351  1.302050   1.876801   
18  0    0.061417    0.980056   11.014922  1.146784   1.642489   
19  0    0.060963    0.980217   11.365376  1.120012   1.733904   
20  0    0.060555    0.980298   11.020094  1.285469   1.849571   
21  0    0.060187    0.980378   11.454239  1.213434   1.875254   
22  0    0.059855    0.980593   11.408414  1.219356   1.921315   
23  0    0.059553    0.980701   10.963928  1.361545   1.674136   
24  0    0.059278    0.980701   10.303370  1.316698   1.645790   
25  0    0.059027    0.980808   11.004376  1.263403   1.599167   
26  0    0.058797    0.980888   10.255718  1.382325   1.730675   
27  0    0.058588    0.980862   10.336900  1.232679   1.560461   
28  0    0.058395    0.980969   10.902594  1.518081   1.709186   
29  0    0.058219    0.981050   11.290164  1.469287   2.757964   
30  0    0.058055    0.981130   10.301100  1.248187   1.569333   
total training time is: 534

total average update time is: 438.562

total average wait time is: 53.2861

total max synchronization time is: 83.2911

Total train time is 584.063 second.
