dim=16609143
procnum=64,synchronize!!!
#   RANK ObjectValue Accuracy   MUpdateTime MWaitTime  SynchTime  
1   0    0.179593    0.946906   44.731049  2.146443   3.284683   
2   0    0.135332    0.959281   26.684068  2.429268   9.245750   
3   0    0.115989    0.964354   18.247126  1.691892   2.498382   
4   0    0.104588    0.966904   16.791281  1.616760   2.952125   
5   0    0.096946    0.970635   16.675513  1.900912   8.520686   
6   0    0.091421    0.972031   16.517791  1.791303   3.177721   
7   0    0.087218    0.973104   15.290781  3.199518   7.853923   
8   0    0.083898    0.974044   8.688557   3.916496   4.889071   
9   0    0.081188    0.974581   8.652547   3.947255   4.970333   
10  0    0.078930    0.975171   8.462280   4.032242   4.688725   
11  0    0.077015    0.975493   7.714580   1.269769   2.123187   
12  0    0.075364    0.976003   7.526940   1.283445   2.006674   
13  0    0.073927    0.976218   7.726937   1.308569   2.152872   
14  0    0.072660    0.976916   7.700111   1.212465   1.944356   
15  0    0.071533    0.977104   7.501362   1.357213   1.995072   
16  0    0.070525    0.977318   7.419064   1.368666   1.887255   
17  0    0.069616    0.977480   7.671219   1.391079   1.977734   
18  0    0.068793    0.977694   7.669537   1.296039   1.876340   
19  0    0.068044    0.977963   7.364546   1.340314   1.732972   
20  0    0.067358    0.978204   7.821271   1.337763   2.560451   
21  0    0.066729    0.978312   7.648066   1.228432   1.840389   
22  0    0.066148    0.978419   7.678278   1.265060   1.793740   
23  0    0.065611    0.978661   7.701781   1.314649   1.803430   
24  0    0.065114    0.978875   7.683877   1.108132   2.268904   
25  0    0.064653    0.978983   7.499876   1.305083   1.786220   
26  0    0.064222    0.979197   7.501221   1.333090   1.946747   
27  0    0.063821    0.979412   7.655194   1.036743   1.618175   
28  0    0.063445    0.979493   6.747209   1.399581   1.858672   
29  0    0.063093    0.979627   7.390684   1.314219   2.401288   
30  0    0.062762    0.979681   7.503000   1.495157   2.698367   
total training time is: 424

total average update time is: 329.072

total average wait time is: 52.6376

total max synchronization time is: 92.3542

Total train time is 474 second.
