dim=16609143
procnum=128,synchronize!!!
#   RANK ObjectValue Accuracy   MUpdateTime MWaitTime  SynchTime  
1   0    0.207873    0.938639   30.561896  3.214142   4.378221   
2   0    0.159442    0.950262   22.708345  1.750842   7.327307   
3   0    0.137302    0.958314   14.557442  1.282210   2.381948   
4   0    0.123694    0.962233   13.511503  1.412871   2.628667   
5   0    0.114262    0.964273   13.382794  1.496193   2.324035   
6   0    0.107257    0.966286   13.249752  2.040563   7.067387   
7   0    0.101807    0.968031   12.606595  2.061266   6.733009   
8   0    0.097425    0.970474   12.557675  2.532020   6.568269   
9   0    0.093811    0.971494   12.344714  2.246514   6.655885   
10  0    0.090770    0.972272   11.523172  1.920825   6.649156   
11  0    0.088170    0.972970   6.672893   2.944104   6.725527   
12  0    0.085917    0.973587   10.224327  3.613957   6.404408   
13  0    0.083940    0.973990   9.240063   3.989371   5.770867   
14  0    0.082189    0.974339   8.782476   3.357175   4.763422   
15  0    0.080624    0.974715   5.727675   3.220088   4.069934   
16  0    0.079214    0.975117   5.737870   3.690111   4.775731   
17  0    0.077937    0.975332   6.275990   3.226879   3.910679   
18  0    0.076773    0.975547   6.058337   1.281720   2.048419   
19  0    0.075707    0.975869   5.705238   1.215644   1.970801   
20  0    0.074725    0.976406   6.051119   1.307467   2.029341   
21  0    0.073818    0.976621   5.767923   1.251485   1.902446   
22  0    0.072977    0.976782   5.586426   1.221312   1.971276   
23  0    0.072193    0.977131   6.170038   1.228780   1.822400   
24  0    0.071462    0.977265   5.712930   1.408666   2.019645   
25  0    0.070777    0.977372   5.683566   1.204608   1.907372   
26  0    0.070134    0.977506   6.269273   1.185337   1.961216   
27  0    0.069529    0.977587   5.706108   1.399238   1.997452   
28  0    0.068958    0.977694   6.035767   1.253512   2.007202   
29  0    0.068419    0.977802   6.162337   1.162912   1.824645   
30  0    0.067908    0.977855   5.623173   1.130897   1.755231   
total training time is: 384

total average update time is: 282.265

total average wait time is: 60.2507

total max synchronization time is: 114.352

Total train time is 433.781 second.
