dim=1163024
procnum = 64,synchronize!!!
Max Iterations = 50
#   RANK ObjectValue Accuracy   SumIterTime AvUpdateTime AvWaitTime AvSynchTime SparseRatio Rho 
1   0    0.385841    0.887799   2.280211    0.916512     1.363699   1.353867    0.050409    1.000000
2   0    0.330501    0.883713   5.045317    1.394927     1.370179   1.360841    0.050904    1.000000
3   0    0.306727    0.884423   8.071300    1.662303     1.363680   1.355256    0.056573    1.000000
4   0    0.292041    0.888319   11.771407   2.340479     1.359628   1.349866    0.062856    1.000000
5   0    0.290019    0.889067   15.798609   2.659601     1.367600   1.357124    0.067338    1.000000
6   0    0.288806    0.888997   20.159352   2.995969     1.364774   1.354945    0.068361    1.000000
7   0    0.289193    0.888488   24.663272   3.146028     1.357892   1.348858    0.068693    1.000000
8   0    0.288076    0.888882   28.980659   2.951216     1.366171   1.356790    0.068883    1.000000
9   0    0.286695    0.889341   33.318183   2.934892     1.402631   1.393123    0.069005    1.000000
10  0    0.285463    0.889705   37.514913   2.827290     1.369441   1.359859    0.069116    1.000000
11  0    0.284487    0.889999   41.523038   2.644604     1.363521   1.354059    0.069195    1.000000
12  0    0.283739    0.890247   45.415933   2.528972     1.363923   1.353844    0.069252    1.000000
13  0    0.283188    0.890390   49.252663   2.469434     1.367296   1.357783    0.069305    1.000000
14  0    0.282797    0.890469   53.030535   2.356288     1.421584   1.411853    0.069356    1.000000
15  0    0.282570    0.890484   56.736881   2.316840     1.389506   1.379643    0.069387    1.000000
16  0    0.282497    0.890460   60.448762   2.342707     1.369174   1.357829    0.069422    1.000000
17  0    0.282554    0.890374   64.125142   2.299306     1.377074   1.366839    0.069448    1.000000
18  0    0.282718    0.890299   67.752282   2.262000     1.365141   1.354705    0.069481    1.000000
19  0    0.282961    0.890090   71.360232   2.228149     1.379801   1.369408    0.069508    1.000000
20  0    0.283249    0.889879   74.989827   2.249419     1.380176   1.368522    0.069537    1.000000
21  0    0.283554    0.889647   78.644029   2.293609     1.360593   1.349257    0.069566    1.000000
22  0    0.283846    0.889499   82.243928   2.213238     1.386661   1.376110    0.069597    1.000000
23  0    0.284086    0.889419   85.810291   2.212768     1.353595   1.344477    0.069617    1.000000
24  0    0.284268    0.889269   89.472878   2.280646     1.381941   1.371944    0.069645    1.000000
25  0    0.284374    0.889178   93.158608   2.295454     1.390277   1.380201    0.069671    1.000000
26  0    0.284402    0.889140   96.816567   2.282865     1.375094   1.365738    0.069704    1.000000
27  0    0.284357    0.889129   100.280851  2.067973     1.396310   1.386945    0.069725    1.000000
28  0    0.284232    0.889180   103.956299  2.304129     1.371319   1.361684    0.069748    1.000000
29  0    0.284029    0.889269   107.422052  2.087975     1.377778   1.368046    0.069766    1.000000
30  0    0.283796    0.889426   110.879715  2.076752     1.380910   1.371182    0.069783    1.000000
31  0    0.283531    0.889561   114.131710  1.895579     1.356416   1.346318    0.069804    1.000000
32  0    0.283180    0.889702   117.614729  2.084598     1.398421   1.387276    0.069823    1.000000
33  0    0.282856    0.889873   120.832831  1.847608     1.370493   1.360850    0.069837    1.000000
34  0    0.282536    0.890022   123.915279  1.689177     1.393270   1.382557    0.069859    1.000000
35  0    0.282129    0.890317   127.034511  1.756390     1.362843   1.353927    0.069876    1.000000
36  0    0.281855    0.890511   129.974043  1.585988     1.353544   1.344646    0.069888    1.000000
37  0    0.281486    0.890698   133.098277  1.734544     1.389690   1.379315    0.069898    1.000000
38  0    0.281240    0.890810   135.994102  1.514159     1.381667   1.371226    0.069912    1.000000
39  0    0.280963    0.890946   139.116303  1.739350     1.382850   1.373890    0.069921    1.000000
40  0    0.280779    0.891040   141.979758  1.508424     1.355031   1.345879    0.069936    1.000000
41  0    0.280591    0.891157   145.103235  1.755717     1.367760   1.358383    0.069942    1.000000
42  0    0.280485    0.891227   147.997936  1.532726     1.361976   1.353089    0.069947    1.000000
43  0    0.280403    0.891295   151.212358  1.854098     1.360324   1.350333    0.069956    1.000000
44  0    0.280370    0.891374   154.109961  1.553892     1.343711   1.334756    0.069963    1.000000
45  0    0.280381    0.891350   157.256557  1.780289     1.366306   1.357594    0.069970    1.000000
46  0    0.280406    0.891367   160.247625  1.621539     1.369529   1.358987    0.069977    1.000000
47  0    0.280474    0.891348   163.435553  1.827245     1.360683   1.352184    0.069983    1.000000
48  0    0.280534    0.891334   166.505812  1.685593     1.384666   1.373145    0.069992    1.000000
49  0    0.280629    0.891354   169.790201  1.900718     1.383670   1.372643    0.069993    1.000000
50  0    0.280693    0.891295   172.906673  1.711423     1.405050   1.395455    0.069996    1.000000
total average training time is: 179.206

total average update time is: 104.221

total average wait time is: 68.6853

total average synchronization time is: 68.193

Total train time is 180.602 second.
