dim=1163024
procnum = 16,synchronize!!!
Max Iterations = 50
#   RANK ObjectValue Accuracy   SumIterTime AvUpdateTime AvWaitTime AvSynchTime SparseRatio Rho 
1   0    0.383943    0.887616   1.640617    0.641845     0.998772   0.990850    0.137275    1.000000
2   0    0.319493    0.884331   3.580376    0.943370     0.996388   0.988819    0.137302    1.000000
3   0    0.300369    0.885771   5.749999    1.161169     1.008454   1.000726    0.139686    1.000000
4   0    0.288641    0.889030   8.251074    1.495452     1.005623   0.997840    0.142206    1.000000
5   0    0.284287    0.890311   11.643135   2.189385     1.202676   1.195025    0.145143    1.000000
6   0    0.282334    0.890706   15.035719   2.384157     1.008427   1.000693    0.146007    1.000000
7   0    0.281734    0.890941   18.673910   2.641146     0.997046   0.989387    0.146278    1.000000
8   0    0.280990    0.891054   21.951136   2.228183     1.049043   1.041250    0.146384    1.000000
9   0    0.280815    0.891061   25.179415   2.230885     0.997394   0.989783    0.146430    1.000000
10  0    0.280914    0.890993   28.153749   1.882079     1.092254   1.083966    0.146485    1.000000
11  0    0.281470    0.890568   31.293897   2.121403     1.018746   1.010963    0.146532    1.000000
12  0    0.281894    0.890321   34.215714   1.893636     1.028181   1.020538    0.146552    1.000000
13  0    0.282381    0.890043   37.293475   2.055142     1.022619   1.014912    0.146576    1.000000
14  0    0.282844    0.889749   40.175881   1.867467     1.014939   1.007250    0.146595    1.000000
15  0    0.282761    0.889796   43.185041   1.989555     1.019604   1.011676    0.146621    1.000000
16  0    0.282604    0.889840   46.158401   1.959290     1.014071   1.005866    0.146644    1.000000
17  0    0.282343    0.889987   48.990134   1.838099     0.993633   0.985564    0.146668    1.000000
18  0    0.281722    0.890390   51.528050   1.554307     0.983609   0.975954    0.146683    1.000000
19  0    0.281533    0.890531   53.819394   1.298180     0.993163   0.985559    0.146701    1.000000
20  0    0.280857    0.890911   56.791701   2.001020     0.971288   0.963681    0.146728    1.000000
21  0    0.280449    0.891127   59.129004   1.352655     0.984647   0.977054    0.146740    1.000000
22  0    0.280213    0.891283   61.541441   1.432342     0.980095   0.972390    0.146750    1.000000
23  0    0.280068    0.891380   64.192319   1.664182     0.986696   0.979031    0.146760    1.000000
24  0    0.280144    0.891396   66.798098   1.616254     0.989526   0.981908    0.146774    1.000000
25  0    0.280396    0.891395   69.176918   1.388803     0.990017   0.982295    0.146792    1.000000
26  0    0.280634    0.891286   72.122924   1.976209     0.969798   0.962232    0.146810    1.000000
27  0    0.280858    0.891184   74.333788   1.225768     0.985096   0.977534    0.146815    1.000000
28  0    0.281032    0.891135   77.123145   1.799557     0.989800   0.981793    0.146823    1.000000
29  0    0.281076    0.891147   80.070587   1.963872     0.983570   0.975730    0.146829    1.000000
30  0    0.281107    0.891131   82.861358   1.805104     0.985667   0.977894    0.146845    1.000000
31  0    0.281112    0.891136   85.531428   1.681244     0.988826   0.980688    0.146873    1.000000
32  0    0.280717    0.891300   88.574076   2.048696     0.993952   0.986183    0.146889    1.000000
33  0    0.280418    0.891423   90.993515   1.439954     0.979485   0.971756    0.146893    1.000000
34  0    0.280138    0.891553   93.709148   1.729002     0.986630   0.977896    0.146903    1.000000
35  0    0.279986    0.891582   96.749407   2.064933     0.975326   0.967752    0.146920    1.000000
36  0    0.279927    0.891597   98.821776   1.091938     0.980432   0.972822    0.146930    1.000000
37  0    0.279869    0.891461   101.841582  2.037295     0.982511   0.974523    0.146975    1.000000
38  0    0.279888    0.891475   103.988984  1.157572     0.989830   0.981905    0.146976    1.000000
39  0    0.280053    0.891384   106.985825  1.994838     1.002003   0.994354    0.146994    1.000000
40  0    0.280082    0.891348   109.189483  1.222076     0.981581   0.974064    0.146995    1.000000
41  0    0.280270    0.891252   111.771203  1.583988     0.997733   0.988198    0.146998    1.000000
42  0    0.280345    0.891232   114.185107  1.416966     0.996937   0.989384    0.147012    1.000000
43  0    0.280410    0.891165   116.879874  1.701758     0.993009   0.984391    0.147015    1.000000
44  0    0.280503    0.891124   119.277691  1.395683     1.002134   0.991743    0.147020    1.000000
45  0    0.280448    0.891137   121.848370  1.577323     0.993356   0.985441    0.147026    1.000000
46  0    0.280338    0.891144   124.214700  1.375878     0.990452   0.982791    0.147032    1.000000
47  0    0.280169    0.891240   126.845168  1.646083     0.984385   0.976727    0.147035    1.000000
48  0    0.280043    0.891326   129.217331  1.382769     0.989394   0.981350    0.147042    1.000000
49  0    0.279873    0.891453   131.771108  1.559027     0.994749   0.986516    0.147045    1.000000
50  0    0.279777    0.891526   134.702588  1.930595     1.000886   0.993124    0.147049    1.000000
total average training time is: 142.942

total average update time is: 84.6381

total average wait time is: 50.0645

total average synchronization time is: 49.6698

Total train time is 144.586 second.
