dim=1163024
procnum = 16,synchronize!!!
Max Iterations = 50
#   RANK ObjectValue Accuracy   SumIterTime AvUpdateTime AvWaitTime AvSynchTime SparseRatio Rho 
1   0    0.383943    0.887616   1.409472    0.645390     0.764083   0.753582    0.137275    1.000000
2   0    0.319493    0.884331   3.126549    0.956107     0.760970   0.750370    0.137302    1.000000
3   0    0.300369    0.885771   5.051147    1.164044     0.760555   0.749822    0.139686    1.000000
4   0    0.288640    0.889031   7.318543    1.503288     0.764107   0.753390    0.142206    1.000000
5   0    0.284286    0.890313   10.294066   2.215177     0.760346   0.749664    0.145143    1.000000
6   0    0.282330    0.890704   13.478782   2.420163     0.764554   0.753480    0.146009    1.000000
7   0    0.281734    0.890934   16.912646   2.670010     0.763853   0.752955    0.146279    1.000000
8   0    0.280996    0.891057   19.928502   2.251263     0.764593   0.753814    0.146384    1.000000
9   0    0.280818    0.891060   22.950291   2.258752     0.763038   0.751802    0.146430    1.000000
10  0    0.280916    0.890992   25.465358   1.751732     0.763335   0.752728    0.146485    1.000000
11  0    0.281470    0.890568   28.361331   2.134180     0.761794   0.750880    0.146532    1.000000
12  0    0.281894    0.890326   31.083998   1.964872     0.757795   0.746883    0.146552    1.000000
13  0    0.282381    0.890036   33.891432   2.044261     0.763173   0.752506    0.146577    1.000000
14  0    0.282843    0.889750   36.552494   1.904871     0.756191   0.745489    0.146595    1.000000
15  0    0.282760    0.889800   39.349305   2.032800     0.764011   0.752718    0.146621    1.000000
16  0    0.282603    0.889842   42.077054   1.965167     0.762582   0.751781    0.146644    1.000000
17  0    0.282343    0.889984   44.720878   1.880352     0.763472   0.752830    0.146669    1.000000
18  0    0.281721    0.890388   46.990433   1.508180     0.761374   0.750418    0.146684    1.000000
19  0    0.281479    0.890560   49.127046   1.372546     0.764068   0.753365    0.146702    1.000000
20  0    0.280851    0.890906   51.869480   1.981133     0.761300   0.750550    0.146728    1.000000
21  0    0.280435    0.891121   54.007318   1.368568     0.769271   0.758616    0.146739    1.000000
22  0    0.280222    0.891296   56.201520   1.428072     0.766130   0.755053    0.146748    1.000000
23  0    0.280070    0.891380   58.734322   1.772206     0.760596   0.749868    0.146759    1.000000
24  0    0.280155    0.891382   61.224926   1.724339     0.766265   0.755304    0.146776    1.000000
25  0    0.280299    0.891390   63.383902   1.396584     0.762393   0.751763    0.146791    1.000000
26  0    0.280614    0.891288   66.115034   1.967401     0.763731   0.752698    0.146812    1.000000
27  0    0.280912    0.891147   68.100906   1.221410     0.764461   0.753529    0.146818    1.000000
28  0    0.281138    0.891064   70.322265   1.457694     0.763665   0.752964    0.146825    1.000000
29  0    0.281126    0.891112   73.071414   1.985303     0.763847   0.753126    0.146834    1.000000
30  0    0.281095    0.891123   75.470832   1.636265     0.763153   0.752120    0.146847    1.000000
31  0    0.281047    0.891155   77.625099   1.391142     0.763124   0.752467    0.146859    1.000000
32  0    0.280588    0.891367   80.053378   1.664808     0.763471   0.752693    0.146871    1.000000
33  0    0.280455    0.891439   82.208925   1.398218     0.757330   0.746588    0.146873    1.000000
34  0    0.280216    0.891514   84.713098   1.743401     0.760772   0.750065    0.146880    1.000000
35  0    0.279991    0.891563   87.455489   1.981758     0.760633   0.749272    0.146896    1.000000
36  0    0.279907    0.891519   89.813907   1.597855     0.760562   0.749748    0.146902    1.000000
37  0    0.279890    0.891503   92.005545   1.430036     0.761602   0.750588    0.146919    1.000000
38  0    0.279974    0.891387   94.369180   1.597936     0.765700   0.755060    0.146924    1.000000
39  0    0.280091    0.891354   96.786241   1.655250     0.761811   0.751159    0.146926    1.000000
40  0    0.280241    0.891276   99.077715   1.530756     0.760718   0.749758    0.146934    1.000000
41  0    0.280335    0.891196   101.449097  1.606172     0.765210   0.754297    0.146939    1.000000
42  0    0.280417    0.891143   104.067877  1.854651     0.764129   0.753510    0.146949    1.000000
43  0    0.280423    0.891139   106.188802  1.360867     0.760057   0.749287    0.146953    1.000000
44  0    0.280382    0.891160   108.819887  1.867563     0.763523   0.752874    0.146961    1.000000
45  0    0.280294    0.891220   110.959462  1.376634     0.762941   0.752211    0.146963    1.000000
46  0    0.280171    0.891280   113.390891  1.667044     0.764384   0.753345    0.146966    1.000000
47  0    0.280020    0.891303   115.760338  1.607412     0.762035   0.751370    0.146972    1.000000
48  0    0.279863    0.891446   118.289903  1.770862     0.758703   0.747522    0.146980    1.000000
49  0    0.279778    0.891483   120.362181  1.315548     0.756729   0.746075    0.146982    1.000000
50  0    0.279692    0.891562   122.839027  1.713613     0.763234   0.752512    0.146995    1.000000
total average training time is: 130.708

total average update time is: 84.7137

total average wait time is: 38.1254

total average synchronization time is: 37.5845

Total train time is 132.557 second.
