dim=1163024
procnum = 64,synchronize!!!
Max Iterations = 50
#   RANK ObjectValue Accuracy   SumIterTime AvUpdateTime AvWaitTime AvSynchTime SparseRatio Rho 
1   0    0.385841    0.887799   2.935617    0.886016     2.049600   2.041451    0.050409    1.000000
2   0    0.330501    0.883713   6.282480    1.241799     2.105064   2.096858    0.050904    1.000000
3   0    0.306727    0.884423   9.944625    1.517968     2.144177   2.135838    0.056573    1.000000
4   0    0.292026    0.888313   14.380469   2.310904     2.124941   2.116251    0.062856    1.000000
5   0    0.290016    0.889069   19.117575   2.653699     2.083407   2.074011    0.067335    1.000000
6   0    0.288816    0.888990   24.209118   2.957560     2.133983   2.125985    0.068361    1.000000
7   0    0.289191    0.888484   29.541725   3.252654     2.079953   2.072035    0.068693    1.000000
8   0    0.288079    0.888882   34.567599   2.917898     2.107975   2.099631    0.068883    1.000000
9   0    0.286697    0.889343   39.437389   2.740066     2.129724   2.121155    0.069004    1.000000
10  0    0.285464    0.889706   44.458434   2.937799     2.083247   2.074239    0.069116    1.000000
11  0    0.284487    0.890000   49.005096   2.477838     2.068823   2.060746    0.069193    1.000000
12  0    0.283739    0.890246   53.562164   2.422055     2.135013   2.126715    0.069251    1.000000
13  0    0.283187    0.890394   58.033175   2.385057     2.085954   2.077247    0.069303    1.000000
14  0    0.282796    0.890470   62.414077   2.315754     2.065147   2.056533    0.069354    1.000000
15  0    0.282570    0.890488   66.748415   2.241051     2.093287   2.085184    0.069385    1.000000
16  0    0.282497    0.890454   71.066693   2.219480     2.098798   2.090943    0.069421    1.000000
17  0    0.282554    0.890377   75.374819   2.185070     2.123057   2.115018    0.069447    1.000000
18  0    0.282718    0.890299   79.635166   2.199921     2.060426   2.051668    0.069481    1.000000
19  0    0.282960    0.890087   83.915204   2.201560     2.078478   2.070042    0.069508    1.000000
20  0    0.283249    0.889884   88.207864   2.199126     2.093533   2.085148    0.069536    1.000000
21  0    0.283553    0.889653   92.465206   2.188635     2.068707   2.058992    0.069567    1.000000
22  0    0.283846    0.889496   96.747028   2.200640     2.081182   2.072266    0.069597    1.000000
23  0    0.284086    0.889422   101.035048  2.207883     2.080136   2.071857    0.069617    1.000000
24  0    0.284267    0.889264   105.343052  2.199896     2.108109   2.099679    0.069645    1.000000
25  0    0.284374    0.889181   109.546287  2.114343     2.088892   2.080420    0.069672    1.000000
26  0    0.284401    0.889138   113.846072  2.200050     2.099735   2.091298    0.069703    1.000000
27  0    0.284357    0.889133   118.006433  2.064204     2.096157   2.087560    0.069723    1.000000
28  0    0.284231    0.889176   122.218474  2.127918     2.084123   2.075724    0.069747    1.000000
29  0    0.284028    0.889271   126.417827  2.058367     2.140986   2.132743    0.069764    1.000000
30  0    0.283795    0.889427   130.616805  2.093170     2.105808   2.097757    0.069781    1.000000
31  0    0.283534    0.889562   134.661915  1.912272     2.132838   2.124593    0.069803    1.000000
32  0    0.283181    0.889697   138.450174  1.649690     2.138569   2.130355    0.069821    1.000000
33  0    0.282863    0.889865   142.376372  1.829391     2.096806   2.088995    0.069833    1.000000
34  0    0.282537    0.890023   146.193836  1.730421     2.087044   2.078763    0.069857    1.000000
35  0    0.282133    0.890313   150.068653  1.774789     2.100028   2.090955    0.069875    1.000000
36  0    0.281856    0.890508   153.785314  1.606814     2.109847   2.101729    0.069887    1.000000
37  0    0.281485    0.890696   157.639798  1.761712     2.092771   2.084814    0.069897    1.000000
38  0    0.281240    0.890814   161.302731  1.536887     2.126046   2.117822    0.069909    1.000000
39  0    0.280963    0.890949   165.215999  1.796608     2.116660   2.107632    0.069918    1.000000
40  0    0.280781    0.891037   168.820201  1.518805     2.085396   2.077430    0.069933    1.000000
41  0    0.280593    0.891153   172.711699  1.760869     2.130629   2.122038    0.069938    1.000000
42  0    0.280487    0.891228   176.341394  1.546118     2.083577   2.075491    0.069944    1.000000
43  0    0.280405    0.891296   180.286066  1.862333     2.082339   2.074218    0.069953    1.000000
44  0    0.280369    0.891363   183.979180  1.558417     2.134697   2.126472    0.069960    1.000000
45  0    0.280381    0.891350   187.977808  1.787880     2.210748   2.202233    0.069968    1.000000
46  0    0.280405    0.891367   191.659771  1.596153     2.085810   2.076688    0.069974    1.000000
47  0    0.280473    0.891346   195.606990  1.844908     2.102310   2.093745    0.069983    1.000000
48  0    0.280533    0.891334   199.331951  1.650568     2.074393   2.066070    0.069987    1.000000
49  0    0.280630    0.891352   203.311856  1.912596     2.067309   2.059155    0.069990    1.000000
50  0    0.280694    0.891287   207.131938  1.701193     2.118889   2.110465    0.069992    1.000000
total average training time is: 223.604

total average update time is: 102.057

total average wait time is: 105.075

total average synchronization time is: 104.655

Total train time is 226.099 second.
