dim=1163024
procnum = 64,synchronize!!!
Max Iterations = 50
#   RANK ObjectValue Accuracy   SumIterTime   SumUpdaTime SumWaitTime  SumSynTime AvUpdaTime   AvWaitTime  AvSynTime   SparseRatio Rho 
1   0    0.358213    0.887810   1.186919         0.014046    1.172873    1.019572 0.014046     1.172873    1.019572    0.050409    1.000000
2   0    0.303287    0.889251   3.692020         1.289725    2.402295    2.106231 1.275678     1.229422    1.086658    0.050409    1.000000
3   0    0.288780    0.890028   6.497782         2.921988    3.575794    3.121836 1.632263     1.173499    1.015606    0.050409    1.000000
4   0    0.284299    0.890520   9.693517         4.944660    4.748856    4.145585 2.022672     1.173062    1.023748    0.050409    1.000000
5   0    0.282681    0.890715   13.595687        7.610018    5.985669    5.235324 2.665358     1.236812    1.089740    0.050409    1.000000
6   0    0.281837    0.890871   17.738875       10.484037    7.254838    6.356006 2.874018     1.269170    1.120682    0.050409    1.000000
7   0    0.281266    0.891062   21.786723       13.383060    8.403663    7.351909 2.899023     1.148825    0.995902    0.050409    1.000000
8   0    0.280924    0.891169   25.814142       16.235994    9.578148    8.381615 2.852933     1.174485    1.029707    0.050409    1.000000
9   0    0.280763    0.891225   29.868458       19.126050   10.742408    9.409299 2.890056     1.164260    1.027684    0.050409    1.000000
10  0    0.280757    0.891199   33.870678       21.963403   11.907275   10.429962 2.837354     1.164866    1.020663    0.050409    1.000000
11  0    0.280867    0.891132   37.898797       24.764225   13.134572   11.501280 2.800822     1.227297    1.071318    0.050409    1.000000
12  0    0.281048    0.890984   41.872445       27.487089   14.385356   12.577021 2.722863     1.250784    1.075741    0.050409    1.000000
13  0    0.281264    0.890891   45.831014       30.250096   15.580918   13.620172 2.763007     1.195561    1.043152    0.050409    1.000000
14  0    0.281507    0.890732   49.654642       32.853932   16.800710   14.695775 2.603836     1.219792    1.075603    0.050409    1.000000
15  0    0.281779    0.890627   53.387002       35.413439   17.973563   15.711567 2.559506     1.172853    1.015791    0.050409    1.000000
16  0    0.282052    0.890453   57.066796       37.881471   19.185325   16.776645 2.468032     1.211762    1.065078    0.050409    1.000000
17  0    0.282226    0.890369   60.671939       40.309596   20.362343   17.785901 2.428126     1.177018    1.009256    0.050409    1.000000
18  0    0.282287    0.890315   64.270161       42.748377   21.521784   18.800161 2.438780     1.159441    1.014260    0.050409    1.000000
19  0    0.282375    0.890234   67.764695       45.097554   22.667142   19.799848 2.349177     1.145357    0.999688    0.050409    1.000000
20  0    0.282455    0.890191   71.392448       47.531485   23.860963   20.835309 2.433931     1.193822    1.035460    0.050409    1.000000
21  0    0.282575    0.890071   74.861831       49.773769   25.088061   21.920422 2.242284     1.227098    1.085113    0.050409    1.000000
22  0    0.282837    0.889944   78.621214       52.302881   26.318333   22.995923 2.529112     1.230272    1.075501    0.050409    1.000000
23  0    0.282841    0.889920   82.315494       54.858166   27.457328   23.983529 2.555285     1.138995    0.987607    0.050409    1.000000
24  0    0.282841    0.889883   85.959622       57.242778   28.716845   25.099188 2.384612     1.259516    1.115659    0.050409    1.000000
25  0    0.282858    0.889861   89.474938       59.544441   29.930498   26.152762 2.301663     1.213653    1.053574    0.050409    1.000000
26  0    0.282952    0.889802   92.813588       61.694689   31.118899   27.183996 2.150248     1.188402    1.031234    0.050409    1.000000
27  0    0.282868    0.889879   96.347218       64.035088   32.312130   28.236936 2.340399     1.193230    1.052940    0.050409    1.000000
28  0    0.283017    0.889820   99.927810       66.429714   33.498095   29.275084 2.394626     1.185966    1.038147    0.050409    1.000000
29  0    0.283233    0.889691   103.412701      68.718480   34.694221   30.325246 2.288766     1.196125    1.050162    0.050409    1.000000
30  0    0.283224    0.889790   107.199232      71.272973   35.926259   31.403673 2.554493     1.232038    1.078427    0.050409    1.000000
31  0    0.283394    0.889669   110.945906      73.875833   37.070074   32.402543 2.602860     1.143815    0.998870    0.050409    1.000000
32  0    0.283577    0.889567   114.380783      76.168861   38.211922   33.398007 2.293028     1.141848    0.995465    0.050409    1.000000
33  0    0.283717    0.889504   117.708708      78.317473   39.391235   34.432540 2.148612     1.179314    1.034533    0.050409    1.000000
34  0    0.283719    0.889566   121.437125      80.897522   40.539603   35.431792 2.580050     1.148367    0.999252    0.050409    1.000000
35  0    0.283685    0.889760   125.371184      83.658975   41.712209   36.461394 2.761453     1.172606    1.029602    0.050409    1.000000
36  0    0.283871    0.889674   129.266581      86.380216   42.886365   37.490154 2.721241     1.174157    1.028760    0.050409    1.000000
37  0    0.284134    0.889610   132.980139      88.927454   44.052685   38.502360 2.547238     1.166319    1.012206    0.050409    1.000000
38  0    0.284035    0.889785   136.619247      91.342594   45.276653   39.573735 2.415140     1.223969    1.071375    0.050409    1.000000
39  0    0.284310    0.889551   140.562447      94.084493   46.477954   40.631523 2.741899     1.201300    1.057788    0.050409    1.000000
40  0    0.284590    0.889299   144.116205      96.456010   47.660195   41.671781 2.371517     1.182241    1.040258    0.050409    1.000000
41  0    0.285563    0.888735   147.690064      98.848171   48.841893   42.707132 2.392161     1.181698    1.035351    0.050409    1.000000
42  0    0.284922    0.889407   151.417831     101.357982   50.059849   43.782474 2.509811     1.217956    1.075342    0.050409    1.000000
43  0    0.285152    0.889349   155.302996     104.004610   51.298386   44.876450 2.646628     1.238537    1.093976    0.050409    1.000000
44  0    0.285331    0.889245   159.215083     106.736555   52.478528   45.909023 2.731945     1.180141    1.032573    0.050409    1.000000
45  0    0.285736    0.889157   163.192289     109.553814   53.638475   46.924137 2.817259     1.159947    1.015115    0.050409    1.000000
46  0    0.285802    0.889165   166.510465     111.709970   54.800496   47.943852 2.156155     1.162021    1.019714    0.050409    1.000000
47  0    0.286035    0.888949   170.265449     114.301167   55.964282   48.961760 2.591197     1.163786    1.017908    0.050409    1.000000
48  0    0.286283    0.888713   173.917004     116.802507   57.114497   49.971470 2.501340     1.150215    1.009710    0.050409    1.000000
49  0    0.287989    0.888652   177.643082     119.351886   58.291196   51.006955 2.549379     1.176698    1.035486    0.050409    1.000000
50  0    0.288329    0.889093   181.083497     121.603355   59.480142   52.049645 2.251469     1.188946    1.042689    0.050409    1.000000
total average training time is: 230.015

total average update time is: 121.603

total average wait time is: 59.4801

total average synchronization time is: 52.0496

Total train time is 233.216 second.
