dim=1163024
procnum = 64,synchronize!!!
Max Iterations = 50
#   RANK ObjectValue Accuracy   SumIterTime   SumUpdaTime SumWaitTime  SumSynTime AvUpdaTime   AvWaitTime  AvSynTime   SparseRatio Rho 
1   0    0.287217    0.890078   1.181283         0.031515    1.149767    0.989506 0.031515     1.149767    0.989506    0.050409    1.000000
2   0    0.284138    0.890543   7.106024         4.755466    2.350558    2.028843 4.723950     1.200791    1.039337    0.050409    1.000000
3   0    0.282753    0.890719   13.093200        9.586840    3.506360    3.032141 4.831374     1.155802    1.003298    0.050409    1.000000
4   0    0.281806    0.890982   19.691023       14.989355    4.701669    4.086122 5.402514     1.195309    1.053981    0.050409    1.000000
5   0    0.281261    0.891151   25.382431       19.476537    5.905894    5.150827 4.487183     1.204225    1.064705    0.050409    1.000000
6   0    0.280930    0.891208   29.957361       22.881206    7.076154    6.174987 3.404669     1.170260    1.024160    0.050409    1.000000
7   0    0.280719    0.891323   34.066811       25.802922    8.263889    7.213724 2.921716     1.187735    1.038737    0.050409    1.000000
8   0    0.280592    0.891339   38.111326       28.685249    9.426077    8.231337 2.882327     1.162188    1.017613    0.050409    1.000000
9   0    0.280533    0.891307   42.090128       31.456190   10.633937    9.291996 2.770941     1.207861    1.060659    0.050409    1.000000
10  0    0.280506    0.891344   45.872858       34.078228   11.794630   10.304940 2.622038     1.160692    1.012944    0.050409    1.000000
11  0    0.280508    0.891391   49.546939       36.548148   12.998790   11.358097 2.469920     1.204160    1.053157    0.050409    1.000000
12  0    0.280528    0.891316   53.022544       38.846437   14.176107   12.366578 2.298288     1.177317    1.008481    0.050409    1.000000
13  0    0.280555    0.891236   56.540591       41.117191   15.423400   13.467586 2.270754     1.247293    1.101008    0.050409    1.000000
14  0    0.280582    0.891155   59.932204       43.285940   16.646264   14.545984 2.168749     1.222864    1.078398    0.050409    1.000000
15  0    0.280615    0.891123   63.193133       45.382470   17.810664   15.555978 2.096529     1.164400    1.009994    0.050409    1.000000
16  0    0.280649    0.891068   66.397018       47.408091   18.988927   16.583006 2.025621     1.178264    1.027028    0.050409    1.000000
17  0    0.280670    0.891029   69.589251       49.434064   20.155187   17.598683 2.025974     1.166259    1.015677    0.050409    1.000000
18  0    0.280690    0.891024   72.738341       51.416780   21.321561   18.610401 1.982716     1.166375    1.011717    0.050409    1.000000
19  0    0.280703    0.891057   75.894805       53.383859   22.510946   19.626459 1.967079     1.189384    1.016059    0.050409    1.000000
20  0    0.280722    0.891026   79.038851       55.336252   23.702600   20.675337 1.952393     1.191654    1.048877    0.050409    1.000000
21  0    0.280741    0.891045   82.172458       57.286523   24.885935   21.710756 1.950271     1.183335    1.035419    0.050409    1.000000
22  0    0.280756    0.891061   85.347444       59.239644   26.107801   22.783032 1.953121     1.221865    1.072276    0.050409    1.000000
23  0    0.280780    0.891074   88.518946       61.228808   27.290139   23.803835 1.989164     1.182338    1.020804    0.050409    1.000000
24  0    0.280799    0.891056   91.686199       63.230988   28.455211   24.821650 2.002180     1.165073    1.017815    0.050409    1.000000
25  0    0.280820    0.891045   94.873420       65.255808   29.617612   25.839387 2.024820     1.162401    1.017737    0.050409    1.000000
26  0    0.280847    0.891038   98.123364       67.279688   30.843676   26.914381 2.023880     1.226063    1.074994    0.050409    1.000000
27  0    0.280870    0.891038   101.355692      69.287789   32.067903   27.993898 2.008100     1.224227    1.079517    0.050409    1.000000
28  0    0.280898    0.891022   104.492276      71.239204   33.253072   29.027615 1.951415     1.185169    1.033717    0.050409    1.000000
29  0    0.280927    0.891024   107.691342      73.205549   34.485793   30.109484 1.966345     1.232721    1.081869    0.050409    1.000000
30  0    0.280956    0.891026   110.833026      75.194475   35.638550   31.111696 1.988926     1.152758    1.002211    0.050409    1.000000
31  0    0.280984    0.891038   113.951225      77.146045   36.805180   32.126586 1.951570     1.166629    1.014890    0.050409    1.000000
32  0    0.281013    0.890993   117.102280      79.068379   38.033901   33.202809 1.922333     1.228721    1.076223    0.050409    1.000000
33  0    0.281041    0.890996   120.239466      81.009010   39.230456   34.248475 1.940631     1.196556    1.045666    0.050409    1.000000
34  0    0.281074    0.890974   123.373201      82.965488   40.407713   35.274658 1.956479     1.177256    1.026183    0.050409    1.000000
35  0    0.281100    0.890957   126.609600      84.928106   41.681494   36.395209 1.962618     1.273781    1.120551    0.050409    1.000000
36  0    0.281125    0.890946   129.752977      86.911474   42.841503   37.411334 1.983368     1.160010    1.016125    0.050409    1.000000
37  0    0.281142    0.890965   132.905944      88.810543   44.095401   38.504492 1.899069     1.253898    1.093158    0.050409    1.000000
38  0    0.281168    0.890929   136.051772      90.767664   45.284107   39.550479 1.957122     1.188706    1.045987    0.050409    1.000000
39  0    0.281186    0.890934   139.236915      92.737883   46.499032   40.609116 1.970219     1.214925    1.058636    0.050409    1.000000
40  0    0.281207    0.890937   142.151586      94.496281   47.655306   41.624621 1.758398     1.156273    1.015505    0.050409    1.000000
41  0    0.281225    0.890921   145.215414      96.381863   48.833551   42.655630 1.885583     1.178245    1.031010    0.050409    1.000000
42  0    0.281246    0.890922   148.204690      98.185041   50.019650   43.697118 1.803177     1.186099    1.041488    0.050409    1.000000
43  0    0.281263    0.890943   151.080218      99.887249   51.192969   44.715038 1.702208     1.173320    1.017921    0.050409    1.000000
44  0    0.281284    0.890960   154.025129     101.650209   52.374920   45.741180 1.762960     1.181951    1.026142    0.050409    1.000000
45  0    0.281303    0.890943   156.801695     103.290557   53.511138   46.733342 1.640348     1.136218    0.992161    0.050409    1.000000
46  0    0.281327    0.890943   159.841426     105.113610   54.727815   47.783856 1.823054     1.216677    1.050515    0.050409    1.000000
47  0    0.281344    0.890942   162.868534     106.896216   55.972318   48.845709 1.782606     1.244502    1.061852    0.050409    1.000000
48  0    0.281367    0.890945   165.855923     108.645175   57.210748   49.936221 1.748959     1.238430    1.090513    0.050409    1.000000
49  0    0.281390    0.890957   168.770164     110.309686   58.460478   51.032488 1.664511     1.249730    1.096267    0.050409    1.000000
50  0    0.281406    0.890964   171.816520     112.196936   59.619584   52.043393 1.887250     1.159106    1.010905    0.050409    1.000000
total average training time is: 219.839

total average update time is: 112.197

total average wait time is: 59.6196

total average synchronization time is: 52.0434

Total train time is 229.901 second.
