dim=1163024
procnum = 64,synchronize!!!
Max Iterations = 50
#   RANK ObjectValue Accuracy   SumIterTime   SumUpdaTime SumWaitTime  SumSynTime AvUpdaTime   AvWaitTime  AvSynTime   SparseRatio Rho 
1   0    0.287217    0.890078   1.195307         0.026874    1.168434    1.009395 0.026874     1.168434    1.009395    0.050409    1.000000
2   0    0.284153    0.890704   6.791890         4.428236    2.363655    2.059343 4.401362     1.195221    1.049948    0.050409    1.000000
3   0    0.282878    0.890703   12.748136        9.187464    3.560671    3.079587 4.759229     1.197017    1.020244    0.050409    1.000000
4   0    0.282132    0.890918   19.044681       14.302549    4.742132    4.117908 5.115085     1.181460    1.038320    0.050409    1.000000
5   0    0.281622    0.890945   23.884125       17.943757    5.940368    5.173996 3.641208     1.198236    1.056089    0.050409    1.000000
6   0    0.281293    0.891026   28.342374       21.188688    7.153686    6.207892 3.244931     1.213318    1.033896    0.050409    1.000000
7   0    0.281099    0.891090   32.284240       23.965442    8.318798    7.221238 2.776754     1.165112    1.013345    0.050409    1.000000
8   0    0.280977    0.891113   36.209212       26.710856    9.498356    8.255945 2.745414     1.179558    1.034708    0.050409    1.000000
9   0    0.280942    0.891060   40.124274       29.436683   10.687590    9.302115 2.725827     1.189234    1.046170    0.050409    1.000000
10  0    0.280966    0.890985   43.966099       32.107885   11.858214   10.330607 2.671201     1.170624    1.028492    0.050409    1.000000
11  0    0.281046    0.890953   47.743732       34.716194   13.027538   11.348560 2.608309     1.169324    1.017953    0.050409    1.000000
12  0    0.281155    0.890894   51.410686       37.145122   14.265563   12.410370 2.428928     1.238026    1.061810    0.050409    1.000000
13  0    0.281297    0.890748   55.095570       39.591794   15.503776   13.488751 2.446672     1.238213    1.078380    0.050409    1.000000
14  0    0.281430    0.890651   58.670461       42.003340   16.667121   14.504552 2.411546     1.163345    1.015802    0.050409    1.000000
15  0    0.281654    0.890477   62.168005       44.234614   17.933391   15.621443 2.231274     1.266270    1.116891    0.050409    1.000000
16  0    0.281763    0.890342   65.645838       46.454000   19.191838   16.717194 2.219386     1.258447    1.095752    0.050409    1.000000
17  0    0.281764    0.890364   69.094907       48.737281   20.357626   17.736185 2.283281     1.165788    1.018991    0.050409    1.000000
18  0    0.281603    0.890385   72.596050       50.988342   21.607708   18.828645 2.251061     1.250082    1.092460    0.050409    1.000000
19  0    0.281344    0.890580   76.421758       53.561180   22.860578   19.929737 2.572838     1.252870    1.101092    0.050409    1.000000
20  0    0.281715    0.890281   80.163807       56.049774   24.114033   21.034519 2.488594     1.253455    1.104782    0.050409    1.000000
21  0    0.282078    0.890064   83.645201       58.338627   25.306574   22.080216 2.288854     1.192541    1.045697    0.050409    1.000000
22  0    0.282410    0.889907   87.130423       60.590365   26.540057   23.160153 2.251738     1.233483    1.079937    0.050409    1.000000
23  0    0.282774    0.889734   90.561388       62.726237   27.835151   24.311662 2.135871     1.295094    1.151508    0.050409    1.000000
24  0    0.282853    0.889639   94.008238       64.963746   29.044492   25.368995 2.237510     1.209340    1.057333    0.050409    1.000000
25  0    0.282523    0.889818   97.708994       67.468547   30.240447   26.424258 2.504800     1.195955    1.055263    0.050409    1.000000
26  0    0.282629    0.889846   101.557117      70.140406   31.416711   27.448919 2.671859     1.176264    1.024661    0.050409    1.000000
27  0    0.282711    0.889899   105.186883      72.522312   32.664571   28.536925 2.381906     1.247860    1.088007    0.050409    1.000000
28  0    0.282828    0.889869   108.764202      74.869507   33.894694   29.613523 2.347195     1.230124    1.076598    0.050409    1.000000
29  0    0.282819    0.889969   112.421796      77.327532   35.094265   30.671671 2.458025     1.199570    1.058148    0.050409    1.000000
30  0    0.283121    0.889826   116.196581      79.904921   36.291660   31.737682 2.577389     1.197395    1.066010    0.050409    1.000000
31  0    0.283463    0.889662   119.879993      82.398453   37.481540   32.783747 2.493532     1.189880    1.046065    0.050409    1.000000
32  0    0.283800    0.889480   123.611991      84.925947   38.686044   33.844208 2.527494     1.204504    1.060461    0.050409    1.000000
33  0    0.283464    0.890126   128.393055      88.530305   39.862750   34.882746 3.604358     1.176706    1.038538    0.050409    1.000000
34  0    0.283823    0.889796   132.469853      91.355912   41.113942   35.986150 2.825606     1.251192    1.103404    0.050409    1.000000
35  0    0.284330    0.889367   136.715244      94.456523   42.258721   36.989891 3.100612     1.144779    1.003740    0.050409    1.000000
36  0    0.284756    0.889116   140.671446      97.188310   43.483136   38.073593 2.731787     1.224415    1.083702    0.050409    1.000000
37  0    0.285485    0.888783   144.511394      99.807902   44.703492   39.139365 2.619592     1.220356    1.065772    0.050409    1.000000
38  0    0.285594    0.888975   148.891615     102.950568   45.941047   40.230138 3.142666     1.237555    1.090773    0.050409    1.000000
39  0    0.285963    0.888824   152.876311     105.674636   47.201676   41.338014 2.724068     1.260629    1.107875    0.050409    1.000000
40  0    0.286405    0.888546   156.792920     108.453457   48.339463   42.332610 2.778821     1.137787    0.994597    0.050409    1.000000
41  0    0.287102    0.888259   160.343554     110.846943   49.496612   43.327012 2.393486     1.157149    0.994402    0.050409    1.000000
42  0    0.287066    0.888612   164.678297     113.929081   50.749216   44.438905 3.082138     1.252605    1.111893    0.050409    1.000000
43  0    0.287293    0.888608   168.585455     116.664037   51.921417   45.465118 2.734956     1.172201    1.026213    0.050409    1.000000
44  0    0.287649    0.888508   172.675690     119.598929   53.076761   46.474168 2.934892     1.155344    1.009050    0.050409    1.000000
45  0    0.288276    0.888378   175.946551     121.718832   54.227719   47.475642 2.119903     1.150958    1.001474    0.050409    1.000000
46  0    0.288610    0.888461   179.820995     124.420577   55.400418   48.495717 2.701745     1.172699    1.020075    0.050409    1.000000
47  0    0.288890    0.888636   183.910025     127.302352   56.607673   49.555140 2.881775     1.207255    1.059423    0.050409    1.000000
48  0    0.289181    0.888941   188.210957     130.380833   57.830125   50.617531 3.078481     1.222452    1.062392    0.050409    1.000000
49  0    0.289454    0.888454   192.396732     133.395409   59.001323   51.634008 3.014576     1.171198    1.016476    0.050409    1.000000
50  0    0.289637    0.888325   196.239317     136.017941   60.221376   52.705572 2.622532     1.220053    1.071564    0.050409    1.000000
total average training time is: 244.719

total average update time is: 136.018

total average wait time is: 60.2214

total average synchronization time is: 52.7056

Total train time is 254.835 second.
