dim=1163024
procnum = 64,synchronize!!!
Max Iterations = 50
#   RANK ObjectValue Accuracy   SumIterTime   SumUpdaTime SumWaitTime  SumSynTime AvUpdaTime   AvWaitTime  AvSynTime   SparseRatio Rho 
1   0    0.358213    0.887810   1.150618         0.020594    1.130023    0.989361 0.020594     1.130023    0.989361    0.050409    1.000000
2   0    0.302495    0.889299   3.685420         1.310374    2.375046    2.100087 1.289780     1.245023    1.110726    0.050409    1.000000
3   0    0.288467    0.890032   6.409421         2.848903    3.560518    3.148359 1.538529     1.185472    1.048272    0.050409    1.000000
4   0    0.283949    0.890575   9.709752         4.974649    4.735103    4.179391 2.125747     1.174585    1.031032    0.050409    1.000000
5   0    0.282201    0.890862   13.649583        7.732834    5.916749    5.218812 2.758185     1.181646    1.039421    0.050409    1.000000
6   0    0.281396    0.891101   17.733079       10.669728    7.063352    6.229617 2.936894     1.146603    1.010805    0.050409    1.000000
7   0    0.280979    0.891326   21.865765       13.655827    8.209939    7.234113 2.986099     1.146587    1.004496    0.050409    1.000000
8   0    0.280740    0.891355   26.042273       16.652841    9.389432    8.253745 2.997014     1.179493    1.019633    0.050409    1.000000
9   0    0.280620    0.891311   30.208402       19.668754   10.539648    9.261225 3.015913     1.150216    1.007480    0.050409    1.000000
10  0    0.280582    0.891296   34.345246       22.601141   11.744106   10.314276 2.932387     1.204457    1.053051    0.050409    1.000000
11  0    0.280585    0.891291   38.397701       25.452058   12.945643   11.372393 2.850918     1.201537    1.058117    0.050409    1.000000
12  0    0.280613    0.891252   42.411786       28.246885   14.164901   12.423088 2.794827     1.219258    1.050695    0.050409    1.000000
13  0    0.280641    0.891270   46.167425       30.835072   15.332353   13.453403 2.588187     1.167452    1.030315    0.050409    1.000000
14  0    0.280667    0.891185   49.693124       33.170040   16.523084   14.510225 2.334968     1.190730    1.056822    0.050409    1.000000
15  0    0.280690    0.891181   53.157939       35.416109   17.741830   15.583537 2.246069     1.218746    1.073311    0.050409    1.000000
16  0    0.280710    0.891132   56.494389       37.555419   18.938971   16.614081 2.139310     1.197141    1.030545    0.050409    1.000000
17  0    0.280726    0.891072   59.715617       39.610749   20.104868   17.638756 2.055330     1.165897    1.024675    0.050409    1.000000
18  0    0.280739    0.891041   62.890197       41.631267   21.258930   18.650564 2.020518     1.154062    1.011808    0.050409    1.000000
19  0    0.280748    0.891041   66.068409       43.590772   22.477637   19.733475 1.959505     1.218708    1.082911    0.050409    1.000000
20  0    0.280763    0.891073   69.227062       45.551888   23.675174   20.779223 1.961116     1.197537    1.045748    0.050409    1.000000
21  0    0.280777    0.891084   72.374433       47.504398   24.870035   21.831971 1.952510     1.194861    1.052747    0.050409    1.000000
22  0    0.280782    0.891064   75.550157       49.474932   26.075225   22.893014 1.970534     1.205189    1.061043    0.050409    1.000000
23  0    0.280801    0.891072   78.744439       51.447091   27.297349   23.982871 1.972159     1.222124    1.089857    0.050409    1.000000
24  0    0.280812    0.891069   81.910403       53.410920   28.499484   25.047614 1.963829     1.202135    1.064743    0.050409    1.000000
25  0    0.280828    0.891066   85.114375       55.369199   29.745176   26.116863 1.958279     1.245693    1.069249    0.050409    1.000000
26  0    0.280845    0.891058   88.287683       57.349251   30.938432   27.157079 1.980052     1.193256    1.040216    0.050409    1.000000
27  0    0.280865    0.891088   91.512843       59.323449   32.189393   28.258098 1.974199     1.250961    1.101019    0.050409    1.000000
28  0    0.280883    0.891069   94.638469       61.247567   33.390903   29.322243 1.924117     1.201509    1.064146    0.050409    1.000000
29  0    0.280895    0.891080   97.779435       63.186935   34.592501   30.378456 1.939368     1.201598    1.056213    0.050409    1.000000
30  0    0.280917    0.891033   100.873520      65.086119   35.787401   31.437375 1.899185     1.194901    1.058919    0.050409    1.000000
31  0    0.280932    0.891004   104.020325      67.031792   36.988533   32.490349 1.945673     1.201132    1.052974    0.050409    1.000000
32  0    0.280959    0.891021   107.220458      68.977955   38.242502   33.601434 1.946163     1.253970    1.111084    0.050409    1.000000
33  0    0.280973    0.891032   110.276037      70.881959   39.394077   34.617659 1.904004     1.151575    1.016225    0.050409    1.000000
34  0    0.281003    0.891034   113.371600      72.781112   40.590487   35.674120 1.899153     1.196410    1.056461    0.050409    1.000000
35  0    0.281017    0.891026   116.471073      74.694295   41.776778   36.694676 1.913183     1.186291    1.020556    0.050409    1.000000
36  0    0.281048    0.891004   119.562455      76.596040   42.966415   37.739306 1.901745     1.189637    1.044630    0.050409    1.000000
37  0    0.281062    0.891016   122.691958      78.463293   44.228665   38.823990 1.867253     1.262250    1.084684    0.050409    1.000000
38  0    0.281089    0.891000   125.745627      80.354462   45.391165   39.852531 1.891169     1.162500    1.028541    0.050409    1.000000
39  0    0.281104    0.890976   128.920909      82.301763   46.619146   40.943171 1.947301     1.227981    1.090640    0.050409    1.000000
40  0    0.281130    0.890965   131.990133      84.216901   47.773232   41.961496 1.915138     1.154086    1.018324    0.050409    1.000000
41  0    0.281140    0.890960   135.001994      86.020378   48.981616   43.023679 1.803477     1.208384    1.062183    0.050409    1.000000
42  0    0.281165    0.890948   138.123805      87.936074   50.187731   44.080936 1.915696     1.206115    1.057257    0.050409    1.000000
43  0    0.281193    0.890933   141.064800      89.700436   51.364364   45.124918 1.764362     1.176632    1.043982    0.050409    1.000000
44  0    0.281202    0.890934   143.868136      91.349729   52.518406   46.143019 1.649293     1.154043    1.018101    0.050409    1.000000
45  0    0.281228    0.890935   146.753671      93.047145   53.706526   47.195456 1.697416     1.188120    1.052437    0.050409    1.000000
46  0    0.281256    0.890942   149.399000      94.466034   54.932966   48.260968 1.418889     1.226440    1.065512    0.050409    1.000000
47  0    0.281265    0.890941   152.272534      96.105918   56.166616   49.354444 1.639884     1.233650    1.093476    0.050409    1.000000
48  0    0.281291    0.890946   154.955449      97.627222   57.328227   50.366159 1.521304     1.161610    1.011716    0.050409    1.000000
49  0    0.281305    0.890950   157.972820      99.444344   58.528476   51.426581 1.817122     1.200249    1.060422    0.050409    1.000000
50  0    0.281328    0.890981   160.686943     101.030825   59.656117   52.418428 1.586481     1.127642    0.991847    0.050409    1.000000
total average training time is: 209.3

total average update time is: 101.031

total average wait time is: 59.6561

total average synchronization time is: 52.4184

Total train time is 212.335 second.
