dim=1163024
procnum = 64,synchronize!!!
Max Iterations = 50
#   RANK ObjectValue Accuracy   SumIterTime   SumUpdaTime SumWaitTime  SumSynTime AvUpdaTime   AvWaitTime  AvSynTime   SparseRatio Rho 
1   0    0.358213    0.887810   1.224224         0.031889    1.192335    1.038108 0.031889     1.192335    1.038108    0.050409    1.000000
2   0    0.302495    0.889300   3.685837         1.309944    2.375894    2.073586 1.278055     1.183558    1.035478    0.050409    1.000000
3   0    0.288479    0.890015   6.423170         2.845143    3.578027    3.133970 1.535199     1.202133    1.060384    0.050409    1.000000
4   0    0.283999    0.890552   9.771232         4.981876    4.789355    4.188240 2.136734     1.211328    1.054270    0.050409    1.000000
5   0    0.282248    0.890850   13.683318        7.697728    5.985591    5.242678 2.715851     1.196235    1.054438    0.050409    1.000000
6   0    0.281445    0.891057   17.838198       10.607562    7.230636    6.343854 2.909834     1.245046    1.101176    0.050409    1.000000
7   0    0.281018    0.891291   21.963652       13.554676    8.408976    7.382013 2.947115     1.178339    1.038159    0.050409    1.000000
8   0    0.280785    0.891375   26.221847       16.584824    9.637023    8.449508 3.030147     1.228048    1.067495    0.050409    1.000000
9   0    0.280667    0.891294   30.466181       19.594479   10.871702    9.528264 3.009655     1.234679    1.078756    0.050409    1.000000
10  0    0.280627    0.891247   34.621495       22.525093   12.096403   10.606419 2.930614     1.224701    1.078155    0.050409    1.000000
11  0    0.280628    0.891274   38.722922       25.383714   13.339209   11.693914 2.858621     1.242806    1.087495    0.050409    1.000000
12  0    0.280653    0.891232   42.745890       28.213031   14.532859   12.736243 2.829317     1.193650    1.042329    0.050409    1.000000
13  0    0.280679    0.891236   46.527406       30.773701   15.753705   13.792421 2.560670     1.220846    1.056178    0.050409    1.000000
14  0    0.280708    0.891201   50.112596       33.118936   16.993660   14.855724 2.345235     1.239955    1.063303    0.050409    1.000000
15  0    0.280730    0.891183   53.624780       35.375244   18.249537   15.945966 2.256308     1.255877    1.090241    0.050409    1.000000
16  0    0.280748    0.891078   57.083360       37.512206   19.571154   17.117229 2.136962     1.321617    1.171263    0.050409    1.000000
17  0    0.280768    0.891034   60.343261       39.578062   20.765199   18.166386 2.065856     1.194046    1.049157    0.050409    1.000000
18  0    0.280776    0.891054   63.569461       41.596332   21.973129   19.234351 2.018270     1.207929    1.067965    0.050409    1.000000
19  0    0.280784    0.891025   66.762453       43.604115   23.158338   20.271557 2.007783     1.185210    1.037206    0.050409    1.000000
20  0    0.280796    0.891032   69.971915       45.607805   24.364110   21.335945 2.003690     1.205772    1.064388    0.050409    1.000000
21  0    0.280811    0.891085   73.129970       47.589424   25.540546   22.367335 1.981619     1.176436    1.031390    0.050409    1.000000
22  0    0.280814    0.891054   76.326749       49.559323   26.767426   23.431993 1.969898     1.226880    1.064658    0.050409    1.000000
23  0    0.280834    0.891056   79.476308       51.548662   27.927646   24.440708 1.989339     1.160220    1.008715    0.050409    1.000000
24  0    0.280845    0.891042   82.702057       53.540599   29.161458   25.530366 1.991937     1.233812    1.089658    0.050409    1.000000
25  0    0.280871    0.891034   85.973419       55.596705   30.376714   26.574916 2.056105     1.215256    1.044549    0.050409    1.000000
26  0    0.280883    0.891053   89.243703       57.644272   31.599431   27.651950 2.047567     1.222717    1.077034    0.050409    1.000000
27  0    0.280902    0.891049   92.456969       59.659885   32.797085   28.693183 2.015613     1.197654    1.041233    0.050409    1.000000
28  0    0.280919    0.891072   95.710321       61.668323   34.041998   29.775026 2.008438     1.244914    1.081843    0.050409    1.000000
29  0    0.280929    0.891052   98.865672       63.637556   35.228117   30.804860 1.969233     1.186118    1.029834    0.050409    1.000000
30  0    0.280951    0.891014   102.032695      65.647751   36.384944   31.819146 2.010195     1.156828    1.014285    0.050409    1.000000
31  0    0.280966    0.891022   105.239442      67.684849   37.554593   32.842245 2.037099     1.169649    1.023099    0.050409    1.000000
32  0    0.280994    0.891013   108.401885      69.628089   38.773796   33.869065 1.943239     1.219203    1.026820    0.050409    1.000000
33  0    0.281007    0.891018   111.601748      71.581958   40.019790   34.960182 1.953869     1.245994    1.091117    0.050409    1.000000
34  0    0.281037    0.891028   114.733953      73.522608   41.211345   36.000891 1.940650     1.191555    1.040709    0.050409    1.000000
35  0    0.281051    0.891038   117.957007      75.480346   42.476661   37.120305 1.957739     1.265316    1.119414    0.050409    1.000000
36  0    0.281082    0.891020   121.068583      77.427000   43.641583   38.138941 1.946654     1.164923    1.018636    0.050409    1.000000
37  0    0.281096    0.890996   124.272251      79.410685   44.861566   39.193332 1.983685     1.219983    1.054391    0.050409    1.000000
38  0    0.281121    0.890980   127.147324      81.097473   46.049852   40.235748 1.686787     1.188286    1.042416    0.050409    1.000000
39  0    0.281135    0.890981   130.292688      83.051905   47.240782   41.272031 1.954433     1.190930    1.036283    0.050409    1.000000
40  0    0.281165    0.890943   133.129749      84.708997   48.420752   42.277775 1.657091     1.179970    1.005743    0.050409    1.000000
41  0    0.281171    0.890931   136.134512      86.516480   49.618032   43.328043 1.807484     1.197280    1.050269    0.050409    1.000000
42  0    0.281201    0.890910   138.956445      88.174100   50.782346   44.354297 1.657619     1.164314    1.026254    0.050409    1.000000
43  0    0.281213    0.890926   141.897926      89.890890   52.007036   45.399541 1.716790     1.224691    1.045244    0.050409    1.000000
44  0    0.281239    0.890909   144.805667      91.609370   53.196297   46.447340 1.718480     1.189260    1.047799    0.050409    1.000000
45  0    0.281250    0.890926   147.739045      93.372040   54.367006   47.469982 1.762669     1.170709    1.022642    0.050409    1.000000
46  0    0.281276    0.890934   150.622805      95.090724   55.532081   48.476562 1.718684     1.165076    1.006580    0.050409    1.000000
47  0    0.281289    0.890939   153.778943      96.980689   56.798254   49.591719 1.889965     1.266173    1.115157    0.050409    1.000000
48  0    0.281313    0.890946   156.706043      98.654562   58.051481   50.695433 1.673873     1.253227    1.103714    0.050409    1.000000
49  0    0.281331    0.890935   159.706814     100.434733   59.272080   51.766331 1.780172     1.220599    1.070898    0.050409    1.000000
50  0    0.281355    0.890942   162.721688     102.195142   60.526546   52.854379 1.760409     1.254465    1.088048    0.050409    1.000000
total average training time is: 211.236

total average update time is: 102.195

total average wait time is: 60.5265

total average synchronization time is: 52.8544

Total train time is 214.335 second.
