dim=1163024
procnum = 16,synchronize!!!
Max Iterations = 50
#   RANK ObjectValue Accuracy   SumIterTime AvUpdateTime AvWaitTime AvSynchTime SparseRatio Rho 
1   0    0.383943    0.887616   1.351180    0.633352     0.717828   0.707598    0.137275    1.000000
2   0    0.319493    0.884331   2.932421    0.856560     0.724681   0.714419    0.137302    1.000000
3   0    0.300369    0.885771   4.845558    1.192466     0.720671   0.709705    0.139686    1.000000
4   0    0.288640    0.889031   6.999249    1.434921     0.718769   0.708292    0.142206    1.000000
5   0    0.284286    0.890311   9.954552    2.239993     0.715310   0.704964    0.145143    1.000000
6   0    0.282336    0.890703   13.127775   2.456911     0.716312   0.705948    0.146009    1.000000
7   0    0.281731    0.890937   16.508991   2.662301     0.718915   0.708488    0.146278    1.000000
8   0    0.280988    0.891053   19.467840   2.242662     0.716188   0.705625    0.146385    1.000000
9   0    0.280810    0.891068   22.377255   2.193279     0.716136   0.705774    0.146431    1.000000
10  0    0.280910    0.890989   24.909473   1.815003     0.717215   0.706265    0.146485    1.000000
11  0    0.281474    0.890567   27.711097   2.085292     0.716332   0.705684    0.146534    1.000000
12  0    0.281861    0.890346   30.380959   1.955210     0.714653   0.703672    0.146552    1.000000
13  0    0.282366    0.890048   33.126987   2.036083     0.709945   0.699454    0.146576    1.000000
14  0    0.282786    0.889769   35.544323   1.703157     0.714179   0.703190    0.146596    1.000000
15  0    0.282742    0.889804   38.160538   1.905206     0.711009   0.700337    0.146621    1.000000
16  0    0.282618    0.889842   40.571610   1.714240     0.696832   0.685943    0.146644    1.000000
17  0    0.282314    0.890000   43.155470   1.885194     0.698666   0.687754    0.146669    1.000000
18  0    0.281766    0.890372   45.597405   1.730185     0.711750   0.700686    0.146683    1.000000
19  0    0.281444    0.890580   47.643573   1.334737     0.711431   0.700766    0.146702    1.000000
20  0    0.280863    0.890909   49.719527   1.360934     0.715019   0.704771    0.146729    1.000000
21  0    0.280435    0.891116   51.889175   1.458153     0.711495   0.701104    0.146741    1.000000
22  0    0.280201    0.891320   53.928229   1.331738     0.707315   0.696142    0.146748    1.000000
23  0    0.280065    0.891392   55.935664   1.290689     0.716746   0.706156    0.146762    1.000000
24  0    0.280162    0.891382   58.375612   1.724194     0.715755   0.705102    0.146775    1.000000
25  0    0.280316    0.891367   60.585851   1.503946     0.706293   0.695705    0.146789    1.000000
26  0    0.280641    0.891282   63.042035   1.735458     0.720725   0.709978    0.146812    1.000000
27  0    0.280679    0.891270   65.208832   1.456199     0.710598   0.700183    0.146818    1.000000
28  0    0.281075    0.891092   67.560328   1.636181     0.715315   0.704769    0.146824    1.000000
29  0    0.281106    0.891109   69.972927   1.700604     0.711995   0.701409    0.146829    1.000000
30  0    0.280977    0.891188   72.333162   1.659350     0.700885   0.690428    0.146841    1.000000
31  0    0.280884    0.891215   74.704681   1.658217     0.713302   0.702778    0.146851    1.000000
32  0    0.280594    0.891351   77.122424   1.708093     0.709650   0.699213    0.146858    1.000000
33  0    0.280337    0.891458   79.184602   1.348660     0.713518   0.702895    0.146863    1.000000
34  0    0.280122    0.891600   81.348166   1.450587     0.712977   0.702633    0.146868    1.000000
35  0    0.279966    0.891620   83.272397   1.211109     0.713122   0.702437    0.146871    1.000000
36  0    0.279885    0.891570   85.457980   1.474638     0.710945   0.700205    0.146882    1.000000
37  0    0.279903    0.891486   87.544127   1.378262     0.707884   0.697438    0.146883    1.000000
38  0    0.279984    0.891441   89.560661   1.304759     0.711775   0.700458    0.146884    1.000000
39  0    0.280125    0.891362   91.847254   1.595203     0.691390   0.679808    0.146902    1.000000
40  0    0.280176    0.891283   94.308796   1.748612     0.712930   0.702588    0.146913    1.000000
41  0    0.280307    0.891239   96.390273   1.371921     0.709556   0.699258    0.146916    1.000000
42  0    0.280304    0.891239   98.210763   1.106803     0.713688   0.703220    0.146918    1.000000
43  0    0.280320    0.891224   100.582019  1.659017     0.712239   0.702005    0.146926    1.000000
44  0    0.280315    0.891232   102.452534  1.159693     0.710821   0.700546    0.146927    1.000000
45  0    0.280213    0.891270   104.981913  1.832367     0.697012   0.685920    0.146937    1.000000
46  0    0.280182    0.891264   106.878060  1.183783     0.712364   0.701435    0.146938    1.000000
47  0    0.280013    0.891339   109.079978  1.490188     0.711729   0.701171    0.146944    1.000000
48  0    0.279971    0.891356   110.951872  1.158639     0.713255   0.702519    0.146945    1.000000
49  0    0.279878    0.891418   113.333841  1.670608     0.711361   0.700420    0.146953    1.000000
50  0    0.279761    0.891482   115.790310  1.744501     0.711968   0.701456    0.146956    1.000000
total average training time is: 126.567

total average update time is: 80.1899

total average wait time is: 35.6004

total average synchronization time is: 35.0687

Total train time is 136.477 second.
