dim=1163024
procnum = 64,synchronize!!!
Max Iterations = 50
#   RANK ObjectValue Accuracy   SumIterTime   SumUpdaTime SumWaitTime  SumSynTime AvUpdaTime   AvWaitTime  AvSynTime   SparseRatio Rho 
1   0    0.358213    0.887810   1.005955         0.014521    0.991433    0.986654 0.014521     0.991433    0.986654    0.050409    1.000000
2   0    0.302495    0.889299   3.373927         1.293160    2.080768    2.070063 1.278638     1.089334    1.083409    0.050409    1.000000
3   0    0.288467    0.890032   5.976907         2.818452    3.158455    3.142427 1.525292     1.077687    1.072364    0.050409    1.000000
4   0    0.283949    0.890575   9.131468         4.914636    4.216832    4.195687 2.096184     1.058377    1.053260    0.050409    1.000000
5   0    0.282201    0.890862   12.911661        7.653927    5.257734    5.231166 2.739291     1.040902    1.035479    0.050409    1.000000
6   0    0.281396    0.891101   16.897155       10.586518    6.310637    6.278718 2.932591     1.052903    1.047552    0.050409    1.000000
7   0    0.280979    0.891326   20.880945       13.561195    7.319750    7.281838 2.974677     1.009113    1.003120    0.050409    1.000000
8   0    0.280740    0.891355   24.930363       16.548833    8.381529    8.337880 2.987639     1.061779    1.056042    0.050409    1.000000
9   0    0.280620    0.891311   29.014576       19.570449    9.444127    9.393642 3.021616     1.062598    1.055761    0.050409    1.000000
10  0    0.280582    0.891296   33.050680       22.496315   10.554365   10.497061 2.925866     1.110238    1.103420    0.050409    1.000000
11  0    0.280585    0.891291   36.926411       25.346397   11.580014   11.516236 2.850082     1.025649    1.019174    0.050409    1.000000
12  0    0.280613    0.891252   40.776505       28.136880   12.639625   12.569749 2.790483     1.059612    1.053513    0.050409    1.000000
13  0    0.280641    0.891270   44.458803       30.716262   13.742541   13.666256 2.579383     1.102916    1.096507    0.050409    1.000000
14  0    0.280667    0.891185   47.875397       33.034102   14.841294   14.759311 2.317840     1.098753    1.093055    0.050409    1.000000
15  0    0.280690    0.891181   51.181725       35.260752   15.920974   15.833205 2.226650     1.079679    1.073894    0.050409    1.000000
16  0    0.280710    0.891132   54.426121       37.399691   17.026430   16.933276 2.138939     1.105457    1.100072    0.050409    1.000000
17  0    0.280726    0.891072   57.542842       39.463072   18.079770   17.980595 2.063382     1.053340    1.047319    0.050409    1.000000
18  0    0.280739    0.891041   60.981017       41.877825   19.103192   18.998297 2.414753     1.023422    1.017702    0.050409    1.000000
19  0    0.280748    0.891041   64.028543       43.843573   20.184971   20.074426 1.965748     1.081779    1.076129    0.050409    1.000000
20  0    0.280763    0.891073   67.033143       45.809643   21.223500   21.106322 1.966070     1.038530    1.031896    0.050409    1.000000
21  0    0.280777    0.891084   70.010884       47.766598   22.244286   22.121993 1.956955     1.020786    1.015671    0.050409    1.000000
22  0    0.280782    0.891064   73.237650       49.977273   23.260377   23.131655 2.210675     1.016090    1.009662    0.050409    1.000000
23  0    0.280801    0.891072   76.496426       52.186399   24.310027   24.175801 2.209126     1.049651    1.044146    0.050409    1.000000
24  0    0.280812    0.891069   79.859020       54.485188   25.373832   25.233065 2.298789     1.063805    1.057264    0.050409    1.000000
25  0    0.280828    0.891066   82.847617       56.470705   26.376913   26.229966 1.985517     1.003080    0.996901    0.050409    1.000000
26  0    0.280845    0.891058   85.940935       58.478425   27.462510   27.309173 2.007720     1.085598    1.079208    0.050409    1.000000
27  0    0.280865    0.891088   89.010199       60.486698   28.523500   28.363519 2.008273     1.060990    1.054346    0.050409    1.000000
28  0    0.280883    0.891069   92.011807       62.418238   29.593569   29.427615 1.931540     1.070069    1.064095    0.050409    1.000000
29  0    0.280895    0.891080   95.065289       64.337770   30.727519   30.555858 1.919532     1.133950    1.128243    0.050409    1.000000
30  0    0.280917    0.891033   98.023820       66.238577   31.785243   31.607136 1.900808     1.057724    1.051279    0.050409    1.000000
31  0    0.280932    0.891004   100.978985      68.157123   32.821862   32.638284 1.918546     1.036619    1.031147    0.050409    1.000000
32  0    0.280959    0.891021   103.973761      70.057593   33.916168   33.725865 1.900470     1.094306    1.087582    0.050409    1.000000
33  0    0.280973    0.891032   106.949652      71.965391   34.984262   34.788467 1.907798     1.068094    1.062601    0.050409    1.000000
34  0    0.281003    0.891034   109.933568      73.866465   36.067103   35.865324 1.901075     1.082841    1.076857    0.050409    1.000000
35  0    0.281017    0.891026   112.942440      75.791499   37.150941   36.942825 1.925034     1.083838    1.077501    0.050409    1.000000
36  0    0.281048    0.891004   115.904917      77.690884   38.214034   38.000210 1.899385     1.063092    1.057386    0.050409    1.000000
37  0    0.281062    0.891016   118.848929      79.568106   39.280823   39.061018 1.877223     1.066789    1.060808    0.050409    1.000000
38  0    0.281089    0.891000   121.816334      81.462082   40.354252   40.127990 1.893976     1.073429    1.066972    0.050409    1.000000
39  0    0.281104    0.890976   124.782731      83.403267   41.379464   41.146588 1.941185     1.025212    1.018598    0.050409    1.000000
40  0    0.281130    0.890965   127.747843      85.323384   42.424459   42.185181 1.920117     1.044995    1.038593    0.050409    1.000000
41  0    0.281140    0.890960   130.596125      87.131023   43.465101   43.219902 1.807640     1.040642    1.034721    0.050409    1.000000
42  0    0.281165    0.890948   133.612244      89.048143   44.564100   44.313313 1.917120     1.098999    1.093411    0.050409    1.000000
43  0    0.281193    0.890933   136.441146      90.816429   45.624717   45.367649 1.768286     1.060616    1.054337    0.050409    1.000000
44  0    0.281202    0.890934   139.165152      92.466905   46.698247   46.435589 1.650476     1.073530    1.067939    0.050409    1.000000
45  0    0.281228    0.890935   141.887530      94.185723   47.701807   47.433531 1.718818     1.003560    0.997942    0.050409    1.000000
46  0    0.281256    0.890942   144.320077      95.603313   48.716764   48.442230 1.417590     1.014957    1.008700    0.050409    1.000000
47  0    0.281265    0.890941   147.032582      97.239586   49.792996   49.512268 1.636272     1.076232    1.070038    0.050409    1.000000
48  0    0.281291    0.890946   149.636654      98.773695   50.862958   50.575273 1.534110     1.069962    1.063005    0.050409    1.000000
49  0    0.281305    0.890950   152.490595     100.594964   51.895631   51.600934 1.821268     1.032673    1.025661    0.050409    1.000000
50  0    0.281328    0.890981   155.155945     102.188802   52.967144   52.666972 1.593838     1.071512    1.066038    0.050409    1.000000
total average training time is: 209.501

total average update time is: 102.189

total average wait time is: 52.9671

total average synchronization time is: 52.667

Total train time is 212.527 second.
