dim=1163024
procnum = 64,synchronize!!!
Max Iterations = 50
#   RANK ObjectValue Accuracy   SumIterTime AvUpdateTime AvWaitTime AvSynchTime SparseRatio Rho 
1   0    0.385841    0.887799   2.623372    0.918040     1.705332   1.696312    0.050409    1.000000
2   0    0.330501    0.883713   5.750348    1.439108     1.687868   1.677950    0.050904    1.000000
3   0    0.306727    0.884423   9.109617    1.655981     1.703288   1.693859    0.056573    1.000000
4   0    0.292031    0.888317   13.377869   2.568172     1.700080   1.690790    0.062856    1.000000
5   0    0.290021    0.889072   18.133443   3.058093     1.697481   1.688103    0.067337    1.000000
6   0    0.288830    0.888989   23.269980   3.413097     1.723440   1.714304    0.068366    1.000000
7   0    0.289201    0.888480   28.555871   3.564135     1.721756   1.712529    0.068695    1.000000
8   0    0.288077    0.888880   33.453114   3.138156     1.759087   1.742066    0.068883    1.000000
9   0    0.286690    0.889340   38.241616   3.093331     1.695171   1.686916    0.069004    1.000000
10  0    0.285458    0.889702   43.091501   3.114405     1.735480   1.713010    0.069116    1.000000
11  0    0.284483    0.890003   47.753684   2.946955     1.715228   1.704817    0.069192    1.000000
12  0    0.283738    0.890246   52.389984   2.930255     1.706046   1.695483    0.069251    1.000000
13  0    0.283188    0.890393   56.848326   2.732806     1.725536   1.714998    0.069302    1.000000
14  0    0.282798    0.890466   61.195154   2.625207     1.721621   1.712618    0.069354    1.000000
15  0    0.282572    0.890483   65.477585   2.564950     1.717480   1.707280    0.069385    1.000000
16  0    0.282498    0.890454   69.740464   2.555040     1.707839   1.697974    0.069421    1.000000
17  0    0.282555    0.890376   73.993069   2.532676     1.719928   1.707390    0.069447    1.000000
18  0    0.282718    0.890297   78.179384   2.470955     1.715361   1.705105    0.069479    1.000000
19  0    0.282961    0.890088   82.351436   2.469913     1.702140   1.693563    0.069506    1.000000
20  0    0.283249    0.889887   86.571863   2.502906     1.717520   1.709010    0.069536    1.000000
21  0    0.283553    0.889650   90.734877   2.459716     1.703299   1.692686    0.069565    1.000000
22  0    0.283846    0.889496   94.955464   2.503829     1.716758   1.705778    0.069595    1.000000
23  0    0.284086    0.889422   99.198160   2.531452     1.711244   1.701027    0.069616    1.000000
24  0    0.284268    0.889263   103.457407  2.550010     1.709237   1.700188    0.069644    1.000000
25  0    0.284373    0.889181   107.660278  2.502570     1.700302   1.691893    0.069671    1.000000
26  0    0.284392    0.889145   111.888848  2.502630     1.725940   1.715357    0.069702    1.000000
27  0    0.284353    0.889137   116.163399  2.555145     1.719406   1.710601    0.069723    1.000000
28  0    0.284230    0.889178   120.349738  2.469386     1.716953   1.707249    0.069747    1.000000
29  0    0.284024    0.889277   124.374497  2.308580     1.716179   1.707604    0.069764    1.000000
30  0    0.283804    0.889427   128.280528  2.194889     1.711143   1.701910    0.069782    1.000000
31  0    0.283527    0.889574   132.349912  2.307769     1.761614   1.752287    0.069803    1.000000
32  0    0.283192    0.889693   136.203766  2.133528     1.720326   1.707210    0.069821    1.000000
33  0    0.282850    0.889876   140.151631  2.226195     1.721670   1.709356    0.069833    1.000000
34  0    0.282538    0.890027   143.295928  1.437449     1.706848   1.696358    0.069858    1.000000
35  0    0.282129    0.890311   147.231758  2.214661     1.721169   1.710376    0.069875    1.000000
36  0    0.281857    0.890513   150.339656  1.387522     1.720376   1.710770    0.069886    1.000000
37  0    0.281480    0.890703   154.193116  2.148498     1.704962   1.695770    0.069897    1.000000
38  0    0.281245    0.890807   157.240933  1.330244     1.717573   1.707066    0.069909    1.000000
39  0    0.280954    0.890953   161.162781  2.163260     1.758588   1.749700    0.069919    1.000000
40  0    0.280781    0.891038   164.247458  1.369851     1.714826   1.704851    0.069933    1.000000
41  0    0.280592    0.891151   168.125310  2.151824     1.726029   1.712344    0.069939    1.000000
42  0    0.280494    0.891219   171.153394  1.321348     1.706735   1.694584    0.069944    1.000000
43  0    0.280407    0.891300   175.244225  2.373546     1.717285   1.706814    0.069953    1.000000
44  0    0.280375    0.891363   178.326562  1.371297     1.711041   1.702196    0.069959    1.000000
45  0    0.280378    0.891359   182.251952  2.209623     1.715766   1.704903    0.069967    1.000000
46  0    0.280406    0.891372   185.336862  1.377247     1.707663   1.693060    0.069974    1.000000
47  0    0.280470    0.891343   189.404387  2.356333     1.711192   1.701014    0.069980    1.000000
48  0    0.280533    0.891339   192.520430  1.418159     1.697885   1.688702    0.069987    1.000000
49  0    0.280626    0.891344   196.709365  2.442699     1.746237   1.737745    0.069989    1.000000
50  0    0.280699    0.891290   199.880255  1.469963     1.700926   1.690827    0.069992    1.000000
total average training time is: 205.512

total average update time is: 114.083

total average wait time is: 85.7969

total average synchronization time is: 85.2743

Total train time is 206.934 second.
