dim=1163024
procnum = 64,synchronize!!!
Max Iterations = 50
#   RANK ObjectValue Accuracy   SumIterTime   SumUpdaTime SumWaitTime  SumSynTime AvUpdaTime   AvWaitTime  AvSynTime   SparseRatio Rho 

===================================================================================
=   BAD TERMINATION OF ONE OF YOUR APPLICATION PROCESSES
=   PID 18706 RUNNING AT node1
=   EXIT CODE: 11
=   CLEANING UP REMAINING PROCESSES
=   YOU CAN IGNORE THE BELOW CLEANUP MESSAGES
===================================================================================
dim=1163024
procnum = 64,synchronize!!!
Max Iterations = 50
#   RANK ObjectValue Accuracy   SumIterTime   SumUpdaTime SumWaitTime  SumSynTime AvUpdaTime   AvWaitTime  AvSynTime   SparseRatio Rho 

===================================================================================
=   BAD TERMINATION OF ONE OF YOUR APPLICATION PROCESSES
=   PID 8974 RUNNING AT node7
=   EXIT CODE: 11
=   CLEANING UP REMAINING PROCESSES
=   YOU CAN IGNORE THE BELOW CLEANUP MESSAGES
===================================================================================
dim=1163024
procnum = 64,synchronize!!!
Max Iterations = 50
#   RANK ObjectValue Accuracy   SumIterTime   SumUpdaTime SumWaitTime  SumSynTime AvUpdaTime   AvWaitTime  AvSynTime   SparseRatio Rho 
1   0    0.287217    0.890078   1.938444         0.063774    1.874670    1.533050 0.063774     1.874670    1.533050    0.050409    1.000000
2   0    0.284036    0.890616   11.532351        8.019968    3.512383    2.856620 7.956194     1.637713    1.323571    0.050409    1.000000
3   0    0.282793    0.890740   20.463331       15.405454    5.057877    4.147463 7.385487     1.545493    1.290842    0.050409    1.000000
4   0    0.281827    0.890976   30.704143       23.964234    6.739909    5.474255 8.558779     1.682033    1.326793    0.050409    1.000000
5   0    0.281299    0.891100   39.763105       31.423436    8.339669    6.835009 7.459202     1.599760    1.360754    0.050409    1.000000
6   0    0.280989    0.891189   45.362095       35.655797    9.706298    7.978377 4.232361     1.366629    1.143368    0.050409    1.000000
7   0    0.280779    0.891257   51.047880       40.033497   11.014383    9.116825 4.377699     1.308085    1.138448    0.050409    1.000000
8   0    0.280668    0.891271   57.952554       45.186444   12.766110   10.703639 5.152948     1.751727    1.586813    0.050409    1.000000
9   0    0.280622    0.891294   64.129362       49.860631   14.268731   11.976755 4.674187     1.502621    1.273116    0.050409    1.000000
10  0    0.280596    0.891256   71.495055       55.140750   16.354305   13.835367 5.280119     2.085574    1.858612    0.050409    1.000000
11  0    0.280604    0.891308   78.593952       60.159695   18.434257   15.663024 5.018945     2.079952    1.827656    0.050409    1.000000
12  0    0.280626    0.891300   85.034535       64.850935   20.183600   17.243205 4.691240     1.749343    1.580181    0.050409    1.000000
13  0    0.280630    0.891233   91.820927       69.476199   22.344728   19.125206 4.625264     2.161128    1.882001    0.050409    1.000000
14  0    0.280653    0.891175   98.449623       74.032946   24.416677   20.994517 4.556747     2.071949    1.869310    0.050409    1.000000
15  0    0.280686    0.891119   105.173952      78.735318   26.438634   22.591515 4.702372     2.021957    1.596999    0.050409    1.000000
16  0    0.280712    0.891062   111.406639      83.282569   28.124070   23.964123 4.547251     1.685437    1.372608    0.050409    1.000000
17  0    0.280732    0.890988   116.565651      87.085477   29.480173   25.134246 3.802908     1.356103    1.170123    0.050409    1.000000
18  0    0.280752    0.890992   121.895863      90.979299   30.916564   26.281649 3.893822     1.436390    1.147404    0.050409    1.000000
19  0    0.280756    0.890965   127.852931      95.277920   32.575010   27.646707 4.298621     1.658446    1.365058    0.050409    1.000000
20  0    0.280787    0.891006   134.023020      99.636696   34.386324   29.049154 4.358775     1.811314    1.402447    0.050409    1.000000
21  0    0.280750    0.891034   140.581833     104.623638   35.958195   30.388986 4.986942     1.571871    1.339832    0.050409    1.000000
22  0    0.280808    0.890988   147.055704     109.352064   37.703640   31.779570 4.728427     1.745445    1.390584    0.050409    1.000000
23  0    0.280845    0.891034   153.602842     113.794620   39.808222   33.641757 4.442556     2.104582    1.862187    0.050409    1.000000
24  0    0.280871    0.891040   159.960757     117.906319   42.054439   35.650686 4.111698     2.246217    2.008929    0.050409    1.000000
25  0    0.280889    0.891025   166.053650     121.995294   44.058355   37.434624 4.088976     2.003917    1.783938    0.050409    1.000000
26  0    0.280916    0.891004   172.273137     126.888593   45.384544   38.535156 4.893298     1.326189    1.100532    0.050409    1.000000
27  0    0.280940    0.890985   176.227399     129.517291   46.710108   39.669590 2.628698     1.325564    1.134434    0.050409    1.000000
28  0    0.280939    0.890973   182.179012     133.180198   48.998814   41.692289 3.662907     2.288706    2.022699    0.050409    1.000000
29  0    0.280967    0.890986   188.989273     138.070776   50.918497   43.186957 4.890578     1.919683    1.494668    0.050409    1.000000
30  0    0.280993    0.890977   194.911144     142.521927   52.389216   44.400937 4.451151     1.470719    1.213980    0.050409    1.000000
31  0    0.281034    0.890996   199.562849     145.866281   53.696568   45.504820 3.344354     1.307352    1.103883    0.050409    1.000000
32  0    0.280924    0.891045   204.021118     149.018347   55.002771   46.610513 3.152066     1.306202    1.105693    0.050409    1.000000
33  0    0.280957    0.891002   208.149478     151.716505   56.432973   47.827484 2.698158     1.430202    1.216971    0.050409    1.000000
34  0    0.280975    0.890996   212.820426     154.827253   57.993174   49.149115 3.110747     1.560201    1.321631    0.050409    1.000000
35  0    0.281037    0.890958   218.205909     158.184550   60.021359   50.964310 3.357297     2.028186    1.815195    0.050409    1.000000
36  0    0.281017    0.890923   223.442350     161.846179   61.596170   52.312232 3.661630     1.574811    1.347922    0.050409    1.000000
37  0    0.281091    0.890918   228.199450     165.448984   62.750465   53.308828 3.602805     1.154295    0.996595    0.050409    1.000000
38  0    0.281142    0.890919   232.051097     168.063322   63.987775   54.392031 2.614338     1.237310    1.083203    0.050409    1.000000
39  0    0.281287    0.890838   235.770516     170.609544   65.160972   55.410490 2.546222     1.173197    1.018460    0.050409    1.000000
40  0    0.281424    0.890794   239.043440     172.644331   66.399110   56.508517 2.034787     1.238138    1.098027    0.050409    1.000000
41  0    0.281589    0.890811   242.586370     175.005341   67.581029   57.523880 2.361010     1.181920    1.015362    0.050409    1.000000
42  0    0.281760    0.890755   249.505135     180.705288   68.799847   58.571254 5.699947     1.218818    1.047374    0.050409    1.000000
43  0    0.281877    0.890759   255.019017     185.043563   69.975454   59.601116 4.338275     1.175606    1.029862    0.050409    1.000000
44  0    0.282234    0.890621   259.328622     188.113149   71.215474   60.687621 3.069586     1.240020    1.086506    0.050409    1.000000
45  0    0.282686    0.890433   263.660516     191.222539   72.437978   61.732393 3.109390     1.222504    1.044772    0.050409    1.000000
46  0    0.283213    0.890201   267.979067     194.383210   73.595857   62.732926 3.160671     1.157880    1.000533    0.050409    1.000000
47  0    0.283787    0.890027   272.251669     197.439289   74.812380   63.799616 3.056080     1.216522    1.066690    0.050409    1.000000
48  0    0.284331    0.889848   275.876789     199.841816   76.034973   64.879485 2.402526     1.222593    1.079869    0.050409    1.000000
49  0    0.284864    0.889615   279.873891     202.619399   77.254492   65.959278 2.777584     1.219518    1.079793    0.050409    1.000000
50  0    0.285306    0.889420   283.137126     204.659178   78.477949   67.037319 2.039778     1.223457    1.078041    0.050409    1.000000
total average training time is: 379.068

total average update time is: 204.659

total average wait time is: 78.4779

total average synchronization time is: 67.0373

Total train time is 394.602 second.
