dim=1163024
procnum = 16,synchronize!!!
Max Iterations = 50
#   RANK ObjectValue Accuracy   SumIterTime   SumUpdaTime SumWaitTime  SumSynTime AvUpdaTime   AvWaitTime  AvSynTime   SparseRatio Rho 
1   0    0.283165    0.891184   0.474927         0.006240    0.468687    0.379617 0.006240     0.468687    0.379617    0.137275    1.000000
2   0    0.281156    0.891167   4.082806         3.137331    0.945475    0.770571 3.131090     0.476789    0.390954    0.137275    1.000000
3   0    0.280568    0.891326   8.259799         6.835005    1.424794    1.162340 3.697674     0.479319    0.391770    0.137275    1.000000
4   0    0.280308    0.891374   11.930894       10.023096    1.907798    1.554237 3.188091     0.483004    0.391897    0.137275    1.000000
5   0    0.280142    0.891411   14.508349       12.119152    2.389197    1.947925 2.096056     0.481399    0.393688    0.137275    1.000000
6   0    0.280050    0.891483   17.085251       14.218592    2.866659    2.335817 2.099440     0.477463    0.387893    0.137275    1.000000
7   0    0.279996    0.891463   19.725425       16.375358    3.350067    2.730146 2.156766     0.483408    0.394329    0.137275    1.000000
8   0    0.279951    0.891422   22.282587       18.448199    3.834389    3.126228 2.072840     0.484322    0.396081    0.137275    1.000000
9   0    0.279922    0.891426   24.503731       20.188901    4.314830    3.520219 1.740702     0.480442    0.393991    0.137275    1.000000
10  0    0.279887    0.891457   26.988617       22.194606    4.794011    3.911140 2.005706     0.479180    0.390921    0.137275    1.000000
11  0    0.279876    0.891443   29.129771       23.843603    5.286169    4.315051 1.648996     0.492158    0.403910    0.137275    1.000000
12  0    0.279864    0.891455   30.775398       24.997676    5.777721    4.717765 1.154074     0.491553    0.402714    0.137275    1.000000
13  0    0.279847    0.891478   33.207180       26.945387    6.261793    5.113517 1.947710     0.484072    0.395751    0.137275    1.000000
14  0    0.279836    0.891497   35.311165       28.564322    6.746843    5.508691 1.618936     0.485050    0.395174    0.137275    1.000000
15  0    0.279834    0.891471   36.979196       29.748709    7.230488    5.903096 1.184386     0.483645    0.394405    0.137275    1.000000
16  0    0.279831    0.891486   39.310470       31.598070    7.712400    6.297292 1.849361     0.481912    0.394196    0.137275    1.000000
17  0    0.279819    0.891494   41.338736       33.149281    8.189455    6.684385 1.551211     0.477056    0.387093    0.137275    1.000000
18  0    0.279825    0.891490   42.832834       34.159418    8.673417    7.081533 1.010137     0.483961    0.397148    0.137275    1.000000
19  0    0.279810    0.891529   45.077266       35.920678    9.156588    7.476130 1.761260     0.483171    0.394597    0.137275    1.000000
20  0    0.279802    0.891531   46.891119       37.244037    9.647082    7.874573 1.323359     0.490494    0.398444    0.137275    1.000000
21  0    0.279804    0.891542   49.029519       38.895998   10.133521    8.270614 1.651962     0.486439    0.396041    0.137275    1.000000
22  0    0.279821    0.891553   50.806654       40.188433   10.618221    8.666562 1.292435     0.484700    0.395947    0.137275    1.000000
23  0    0.279821    0.891545   52.471324       41.364547   11.106777    9.065822 1.176114     0.488556    0.399260    0.137275    1.000000
24  0    0.279812    0.891562   54.801235       43.206984   11.594252    9.464981 1.842437     0.487475    0.399159    0.137275    1.000000
25  0    0.279840    0.891553   56.498956       44.424840   12.074116    9.855322 1.217856     0.479864    0.390341    0.137275    1.000000
26  0    0.279855    0.891577   58.603919       46.046459   12.557460   10.251401 1.621620     0.483344    0.396079    0.137275    1.000000
27  0    0.279853    0.891596   60.255327       47.214166   13.041161   10.646838 1.167707     0.483701    0.395437    0.137275    1.000000
28  0    0.279874    0.891601   62.347059       48.824104   13.522955   11.040898 1.609938     0.481794    0.394059    0.137275    1.000000
29  0    0.279872    0.891588   64.084231       50.082467   14.001764   11.434991 1.258363     0.478809    0.394093    0.137275    1.000000
30  0    0.279897    0.891586   66.088306       51.600502   14.487804   11.833174 1.518035     0.486040    0.398183    0.137275    1.000000
31  0    0.279896    0.891590   67.569332       52.593827   14.975505   12.231632 0.993324     0.487701    0.398458    0.137275    1.000000
32  0    0.279912    0.891586   69.861075       54.398286   15.462789   12.629257 1.804459     0.487284    0.397626    0.137275    1.000000
33  0    0.279927    0.891561   71.671973       55.722513   15.949460   13.024988 1.324227     0.486671    0.395731    0.137275    1.000000
34  0    0.279930    0.891571   73.384809       56.945520   16.439289   13.424983 1.223006     0.489829    0.399995    0.137275    1.000000
35  0    0.279957    0.891505   75.494176       58.561286   16.932890   13.828294 1.615766     0.493601    0.403311    0.137275    1.000000
36  0    0.279954    0.891506   77.043993       59.616450   17.427543   14.231528 1.055164     0.494653    0.403234    0.137275    1.000000
37  0    0.279981    0.891506   79.130763       61.208420   17.922343   14.633323 1.591969     0.494800    0.401795    0.137275    1.000000
38  0    0.279984    0.891479   80.707866       62.296371   18.411495   15.030840 1.087952     0.489152    0.397517    0.137275    1.000000
39  0    0.280008    0.891469   82.719749       63.824315   18.895434   15.426207 1.527944     0.483939    0.395367    0.137275    1.000000
40  0    0.280016    0.891459   84.327802       64.944988   19.382814   15.823262 1.120673     0.487380    0.397055    0.137275    1.000000
41  0    0.280031    0.891471   86.220384       66.355030   19.865355   16.218818 1.410042     0.482541    0.395556    0.137275    1.000000
42  0    0.280036    0.891467   87.969018       67.611555   20.357462   16.620084 1.256526     0.492108    0.401266    0.137275    1.000000
43  0    0.280049    0.891445   89.959338       69.116631   20.842707   17.018978 1.505076     0.485244    0.398895    0.137275    1.000000
44  0    0.280060    0.891426   91.584339       70.256927   21.327412   17.413576 1.140296     0.484705    0.394598    0.137275    1.000000
45  0    0.280072    0.891412   93.391482       71.579182   21.812300   17.810240 1.322255     0.484889    0.396664    0.137275    1.000000
46  0    0.280085    0.891400   95.055145       72.755984   22.299162   18.205228 1.176802     0.486861    0.394988    0.137275    1.000000
47  0    0.280095    0.891404   97.125352       74.341254   22.784098   18.601199 1.585270     0.484936    0.395972    0.137275    1.000000
48  0    0.280132    0.891376   98.843736       75.576887   23.266849   18.993005 1.235633     0.482751    0.391806    0.137275    1.000000
49  0    0.280134    0.891367   100.892582      77.143330   23.749251   19.385200 1.566443     0.482403    0.392195    0.137275    1.000000
50  0    0.280153    0.891356   103.144813      78.913180   24.231633   19.779102 1.769850     0.482382    0.393902    0.137275    1.000000
total average training time is: 148.612

total average update time is: 78.9132

total average wait time is: 24.2316

total average synchronization time is: 19.7791

Total train time is 157.782 second.
