dim=1163024
procnum = 64,synchronize!!!
Max Iterations = 50
#   RANK ObjectValue Accuracy   SumIterTime AvUpdateTime AvWaitTime AvSynchTime SparseRatio Rho 
1   0    0.385841    0.887799   2.975339    0.938953     2.036386   2.027638    0.050409    1.000000
2   0    0.330501    0.883713   6.451460    1.436420     2.039700   2.031433    0.050904    1.000000
3   0    0.306727    0.884423   10.166452   1.652838     2.062155   2.053334    0.056573    1.000000
4   0    0.292036    0.888321   14.817327   2.575946     2.074929   2.067026    0.062856    1.000000
5   0    0.290017    0.889059   19.936443   3.038670     2.080445   2.072297    0.067345    1.000000
6   0    0.288811    0.888987   25.436008   3.453678     2.045887   2.037582    0.068369    1.000000
7   0    0.289195    0.888482   31.138036   3.599288     2.102741   2.093276    0.068700    1.000000
8   0    0.288076    0.888880   36.338245   3.124095     2.076113   2.068152    0.068890    1.000000
9   0    0.286693    0.889344   41.542549   3.090897     2.113407   2.104823    0.069010    1.000000
10  0    0.285461    0.889702   46.680470   3.033081     2.104840   2.095676    0.069123    1.000000
11  0    0.284485    0.890003   51.726336   2.938931     2.106935   2.096487    0.069200    1.000000
12  0    0.283739    0.890246   56.703338   2.908711     2.068290   2.057870    0.069258    1.000000
13  0    0.283187    0.890392   61.628516   2.775181     2.149998   2.137752    0.069309    1.000000
14  0    0.282796    0.890469   66.352791   2.612297     2.111978   2.103116    0.069361    1.000000
15  0    0.282570    0.890488   71.016891   2.565183     2.098917   2.089830    0.069392    1.000000
16  0    0.282497    0.890454   75.738287   2.611654     2.109741   2.098948    0.069428    1.000000
17  0    0.282554    0.890372   80.389493   2.553445     2.097761   2.089410    0.069453    1.000000
18  0    0.282718    0.890293   85.044717   2.540100     2.115124   2.105745    0.069486    1.000000
19  0    0.282961    0.890086   89.570622   2.477139     2.048766   2.038969    0.069514    1.000000
20  0    0.283249    0.889887   94.167230   2.474384     2.122224   2.109397    0.069542    1.000000
21  0    0.283553    0.889651   98.735077   2.437356     2.130492   2.119548    0.069571    1.000000
22  0    0.283846    0.889502   103.309246  2.472574     2.101594   2.092582    0.069601    1.000000
23  0    0.284086    0.889422   107.938843  2.501334     2.128264   2.118224    0.069622    1.000000
24  0    0.284267    0.889261   112.635617  2.539099     2.157675   2.146109    0.069650    1.000000
25  0    0.284374    0.889180   117.249790  2.518617     2.095555   2.086592    0.069677    1.000000
26  0    0.284398    0.889138   121.904902  2.542675     2.112436   2.103234    0.069708    1.000000
27  0    0.284355    0.889133   126.568943  2.554064     2.109978   2.099923    0.069729    1.000000
28  0    0.284230    0.889186   131.188188  2.494395     2.124850   2.112298    0.069753    1.000000
29  0    0.284026    0.889272   135.890070  2.536001     2.165881   2.157061    0.069770    1.000000
30  0    0.283794    0.889431   140.232465  2.175629     2.166766   2.158438    0.069787    1.000000
31  0    0.283533    0.889562   144.455617  2.050143     2.173009   2.160421    0.069811    1.000000
32  0    0.283180    0.889701   148.385561  1.790739     2.139205   2.129677    0.069827    1.000000
33  0    0.282861    0.889867   152.643726  2.136520     2.121646   2.112915    0.069841    1.000000
34  0    0.282536    0.890023   156.175330  1.405301     2.126303   2.114798    0.069864    1.000000
35  0    0.282131    0.890315   160.351993  2.010173     2.166489   2.156559    0.069881    1.000000
36  0    0.281857    0.890512   163.806652  1.350884     2.103774   2.092533    0.069893    1.000000
37  0    0.281487    0.890694   167.784377  1.883515     2.094210   2.085784    0.069903    1.000000
38  0    0.281241    0.890811   171.266149  1.396641     2.085131   2.076149    0.069914    1.000000
39  0    0.280966    0.890945   175.452992  2.087346     2.099497   2.089520    0.069924    1.000000
40  0    0.280781    0.891044   178.844134  1.276484     2.114659   2.104905    0.069942    1.000000
41  0    0.280594    0.891155   182.750744  1.823834     2.082776   2.070802    0.069946    1.000000
42  0    0.280485    0.891227   186.166651  1.291469     2.124439   2.113788    0.069951    1.000000
43  0    0.280405    0.891300   190.276021  1.979446     2.129924   2.117961    0.069960    1.000000
44  0    0.280369    0.891358   193.692668  1.350465     2.066181   2.056032    0.069966    1.000000
45  0    0.280384    0.891352   197.850701  2.042915     2.115118   2.105922    0.069975    1.000000
46  0    0.280407    0.891371   201.379367  1.431631     2.097036   2.087812    0.069981    1.000000
47  0    0.280477    0.891346   205.474174  2.000975     2.093831   2.083774    0.069986    1.000000
48  0    0.280533    0.891331   209.024317  1.439524     2.110619   2.101801    0.069993    1.000000
49  0    0.280631    0.891350   213.134822  1.970352     2.140153   2.131515    0.069996    1.000000
50  0    0.280693    0.891288   216.733096  1.498740     2.099535   2.088217    0.069998    1.000000
total average training time is: 244.959

total average update time is: 111.39

total average wait time is: 105.343

total average synchronization time is: 104.854

Total train time is 278.415 second.
