dim=1163024
procnum = 16,synchronize!!!
Max Iterations = 50
#   RANK ObjectValue Accuracy   SumIterTime AvUpdateTime AvWaitTime AvSynchTime SparseRatio Rho 
1   0    0.383943    0.887616   1.169750    0.651886     0.517864   0.510704    0.137275    1.000000
2   0    0.319493    0.884331   2.609797    0.928301     0.511746   0.503671    0.137302    1.000000
3   0    0.300369    0.885771   4.221850    1.113860     0.498193   0.490827    0.139686    1.000000
4   0    0.288641    0.889030   6.147434    1.429901     0.495684   0.488322    0.142206    1.000000
5   0    0.284286    0.890311   8.756603    2.111693     0.497475   0.490006    0.145143    1.000000
6   0    0.282332    0.890702   11.526434   2.251287     0.518544   0.510713    0.146009    1.000000
7   0    0.281734    0.890938   14.661179   2.615750     0.518995   0.511538    0.146279    1.000000
8   0    0.280993    0.891050   17.308587   2.137127     0.510281   0.502846    0.146383    1.000000
9   0    0.280812    0.891066   20.130974   2.327069     0.495319   0.487913    0.146430    1.000000
10  0    0.280912    0.890986   22.459449   1.834343     0.494132   0.486642    0.146484    1.000000
11  0    0.281475    0.890565   24.982987   2.025972     0.497566   0.490077    0.146532    1.000000
12  0    0.281861    0.890348   27.289609   1.811251     0.495371   0.488005    0.146551    1.000000
13  0    0.282366    0.890048   29.995046   2.208862     0.496575   0.489215    0.146574    1.000000
14  0    0.282786    0.889764   32.155823   1.659217     0.501559   0.494025    0.146595    1.000000
15  0    0.282742    0.889805   34.044614   1.390659     0.498132   0.489889    0.146619    1.000000
16  0    0.282618    0.889842   36.198264   1.656673     0.496977   0.489592    0.146642    1.000000
17  0    0.282313    0.890007   38.024644   1.326880     0.499501   0.491866    0.146667    1.000000
18  0    0.281765    0.890369   40.162210   1.620132     0.517434   0.509082    0.146681    1.000000
19  0    0.281557    0.890501   42.016240   1.357562     0.496468   0.489050    0.146700    1.000000
20  0    0.280951    0.890865   43.960907   1.446980     0.497687   0.490251    0.146728    1.000000
21  0    0.280403    0.891147   45.879289   1.420418     0.497964   0.490482    0.146739    1.000000
22  0    0.280280    0.891259   47.904167   1.507853     0.517026   0.509679    0.146747    1.000000
23  0    0.280071    0.891355   49.646884   1.244087     0.498629   0.491268    0.146759    1.000000
24  0    0.280114    0.891400   51.164295   1.023025     0.494385   0.486558    0.146774    1.000000
25  0    0.280248    0.891429   53.155121   1.486728     0.504098   0.496074    0.146788    1.000000
26  0    0.280570    0.891304   55.654121   2.001251     0.497749   0.490040    0.146808    1.000000
27  0    0.280571    0.891303   57.585179   1.433229     0.497829   0.490002    0.146816    1.000000
28  0    0.280884    0.891157   59.812920   1.707803     0.519939   0.512448    0.146830    1.000000
29  0    0.280997    0.891141   62.179141   1.845971     0.520250   0.512754    0.146835    1.000000
30  0    0.280984    0.891180   64.404516   1.714030     0.511345   0.503904    0.146842    1.000000
31  0    0.281009    0.891187   66.803852   1.880439     0.518897   0.511518    0.146854    1.000000
32  0    0.280813    0.891252   69.157615   1.847935     0.505828   0.498385    0.146888    1.000000
33  0    0.280602    0.891391   71.407016   1.724791     0.524610   0.516619    0.146899    1.000000
34  0    0.280315    0.891467   74.075205   2.156465     0.511723   0.504361    0.146911    1.000000
35  0    0.280127    0.891588   76.515427   1.923786     0.516437   0.509000    0.146926    1.000000
36  0    0.279915    0.891561   78.748096   1.707918     0.524751   0.517225    0.146934    1.000000
37  0    0.279860    0.891533   81.141956   1.882511     0.511348   0.503828    0.146957    1.000000
38  0    0.279898    0.891485   83.315581   1.653681     0.519944   0.512370    0.146965    1.000000
39  0    0.280030    0.891390   85.076249   1.235740     0.524928   0.517547    0.146969    1.000000
40  0    0.280162    0.891314   87.392223   1.796190     0.519784   0.512145    0.146987    1.000000
41  0    0.280243    0.891262   89.047064   1.134767     0.520074   0.512701    0.146988    1.000000
42  0    0.280361    0.891201   91.457310   1.889293     0.520953   0.513078    0.147030    1.000000
43  0    0.280370    0.891211   93.118610   1.163899     0.497401   0.490031    0.147031    1.000000
44  0    0.280350    0.891177   95.288692   1.651621     0.518461   0.510910    0.147048    1.000000
45  0    0.280319    0.891224   96.973857   1.166057     0.519108   0.510852    0.147049    1.000000
46  0    0.280172    0.891279   99.265814   1.771445     0.520512   0.512956    0.147052    1.000000
47  0    0.280053    0.891319   101.466163  1.681012     0.519338   0.511369    0.147058    1.000000
48  0    0.279919    0.891404   103.591735  1.618622     0.506950   0.499581    0.147065    1.000000
49  0    0.279831    0.891447   105.742816  1.630831     0.520250   0.512837    0.147069    1.000000
50  0    0.279734    0.891515   107.828382  1.587605     0.497960   0.490588    0.147073    1.000000
total average training time is: 113.602

total average update time is: 82.3944

total average wait time is: 25.434

total average synchronization time is: 25.0553

Total train time is 115.043 second.
