dim=1163024
procnum = 16,synchronize!!!
Max Iterations = 50
#   RANK ObjectValue Accuracy   SumIterTime AvUpdateTime AvWaitTime AvSynchTime SparseRatio Rho 
1   0    0.383943    0.887616   1.654177    0.645371     1.008806   0.999878    0.137275    1.000000
2   0    0.319493    0.884331   3.591442    0.949772     0.987494   0.980164    0.137302    1.000000
3   0    0.300369    0.885771   5.750441    1.174540     0.984459   0.976830    0.139686    1.000000
4   0    0.288641    0.889030   8.233574    1.494509     0.988624   0.981063    0.142206    1.000000
5   0    0.284287    0.890311   11.459978   2.231692     0.994712   0.986813    0.145143    1.000000
6   0    0.282334    0.890706   14.935613   2.487612     0.988023   0.980486    0.146007    1.000000
7   0    0.281734    0.890941   18.596997   2.667689     0.993696   0.984758    0.146278    1.000000
8   0    0.280990    0.891054   21.863642   2.275810     0.990835   0.981832    0.146384    1.000000
9   0    0.280815    0.891061   25.107814   2.255176     0.988996   0.981289    0.146430    1.000000
10  0    0.280914    0.890993   27.905503   1.803792     0.993898   0.986152    0.146485    1.000000
11  0    0.281470    0.890568   31.040162   2.144332     0.990326   0.982595    0.146532    1.000000
12  0    0.281894    0.890321   34.047312   2.025869     0.981282   0.973697    0.146552    1.000000
13  0    0.282381    0.890043   37.089355   2.050760     0.991283   0.982211    0.146576    1.000000
14  0    0.282844    0.889749   39.995882   1.914027     0.992500   0.982921    0.146595    1.000000
15  0    0.282761    0.889796   42.971660   1.984004     0.991774   0.983126    0.146621    1.000000
16  0    0.282604    0.889840   45.928271   1.967096     0.989514   0.981859    0.146644    1.000000
17  0    0.282343    0.889987   48.763667   1.843423     0.991973   0.984559    0.146668    1.000000
18  0    0.281722    0.890390   51.281640   1.529126     0.988847   0.981155    0.146683    1.000000
19  0    0.281533    0.890531   53.628704   1.361640     0.985424   0.977184    0.146701    1.000000
20  0    0.280857    0.890911   56.712247   2.071296     1.012247   1.004118    0.146728    1.000000
21  0    0.280449    0.891127   59.658116   1.703170     1.242699   1.235159    0.146740    1.000000
22  0    0.280213    0.891283   63.357238   2.299402     1.399720   1.387882    0.146750    1.000000
23  0    0.280068    0.891380   67.223555   2.668917     1.197400   1.184406    0.146760    1.000000
24  0    0.280144    0.891396   71.111714   2.458404     1.429755   1.422245    0.146774    1.000000
25  0    0.280396    0.891395   74.928615   2.697486     1.119415   1.111608    0.146792    1.000000
26  0    0.280634    0.891286   79.264810   3.363425     0.972769   0.965024    0.146810    1.000000
27  0    0.280858    0.891184   81.575898   1.372151     0.938937   0.926876    0.146815    1.000000
28  0    0.281032    0.891135   84.804391   2.269519     0.958974   0.944117    0.146823    1.000000
29  0    0.281076    0.891147   88.856390   2.947770     1.104229   1.095226    0.146829    1.000000
30  0    0.281107    0.891131   91.837215   1.851809     1.129017   1.116086    0.146845    1.000000
31  0    0.281112    0.891136   94.975125   1.903278     1.234632   1.223436    0.146873    1.000000
32  0    0.280717    0.891300   98.362094   2.103302     1.283666   1.272878    0.146889    1.000000
33  0    0.280418    0.891423   101.370036  1.726909     1.281033   1.273466    0.146893    1.000000
34  0    0.280138    0.891553   104.778449  2.156553     1.251860   1.242798    0.146903    1.000000
35  0    0.279986    0.891582   109.709131  3.693268     1.237415   1.229794    0.146920    1.000000
36  0    0.279927    0.891597   111.839247  1.155030     0.975086   0.965420    0.146930    1.000000
37  0    0.279869    0.891461   115.623095  2.796153     0.987695   0.980146    0.146975    1.000000
38  0    0.279888    0.891475   117.831271  1.242581     0.965595   0.957002    0.146976    1.000000
39  0    0.280053    0.891384   121.348203  2.328364     1.188567   1.180984    0.146994    1.000000
40  0    0.280082    0.891348   123.943397  1.537733     1.057460   1.048928    0.146995    1.000000
41  0    0.280270    0.891252   127.112521  2.035096     1.134028   1.126394    0.146998    1.000000
42  0    0.280345    0.891232   130.405895  1.683029     1.610346   1.601426    0.147012    1.000000
43  0    0.280410    0.891165   134.580863  2.533963     1.641006   1.632687    0.147015    1.000000
44  0    0.280503    0.891124   137.564191  1.637232     1.346096   1.336074    0.147020    1.000000
45  0    0.280448    0.891137   140.864535  1.991169     1.309175   1.297624    0.147026    1.000000
46  0    0.280338    0.891144   144.968103  2.692954     1.410613   1.399509    0.147032    1.000000
47  0    0.280169    0.891240   148.766870  2.225246     1.573522   1.562953    0.147035    1.000000
48  0    0.280043    0.891326   151.626786  1.475732     1.384183   1.371458    0.147042    1.000000
49  0    0.279873    0.891453   155.476817  2.295986     1.554044   1.546215    0.147045    1.000000
50  0    0.279777    0.891526   159.189761  2.109809     1.603136   1.595452    0.147049    1.000000
total average training time is: 168.78

total average update time is: 101.833

total average wait time is: 57.3568

total average synchronization time is: 56.906

Total train time is 170.348 second.
otal average update time is: 97.9682

total average wait time is: 54.1416

total average synchronization time is: 53.7096

Total train time is 163.466 second.
