dim=1163024
procnum = 16,synchronize!!!
Max Iterations = 50
#   RANK ObjectValue Accuracy   SumIterTime AvUpdateTime AvWaitTime AvSynchTime SparseRatio Rho 
1   0    0.383943    0.887616   1.037373    0.633236     0.404137   0.395653    0.137275    1.000000
2   0    0.319493    0.884331   2.389050    0.946289     0.405387   0.397495    0.137302    1.000000
3   0    0.300369    0.885771   3.901613    1.108566     0.403997   0.396507    0.139686    1.000000
4   0    0.288641    0.889030   5.773233    1.461281     0.410340   0.401296    0.142206    1.000000
5   0    0.284286    0.890313   8.346616    2.166064     0.407319   0.399606    0.145143    1.000000
6   0    0.282333    0.890700   11.042808   2.295300     0.400891   0.392890    0.146009    1.000000
7   0    0.281735    0.890933   14.131483   2.683724     0.404951   0.396858    0.146279    1.000000
8   0    0.280991    0.891054   16.691223   2.145551     0.414189   0.405606    0.146385    1.000000
9   0    0.280811    0.891066   19.608159   2.510556     0.406381   0.397150    0.146432    1.000000
10  0    0.280911    0.890989   21.790971   1.775363     0.407449   0.399331    0.146485    1.000000
11  0    0.281474    0.890565   24.371969   2.176581     0.404417   0.396629    0.146534    1.000000
12  0    0.281861    0.890345   26.527302   1.746624     0.408710   0.400758    0.146552    1.000000
13  0    0.282366    0.890048   29.128603   2.193085     0.408216   0.399562    0.146577    1.000000
14  0    0.282786    0.889756   31.286458   1.756992     0.400863   0.392650    0.146596    1.000000
15  0    0.282742    0.889809   33.105526   1.410769     0.408299   0.400009    0.146622    1.000000
16  0    0.282618    0.889842   35.206837   1.691764     0.409547   0.401515    0.146644    1.000000
17  0    0.282314    0.889997   36.998612   1.384537     0.407238   0.399488    0.146669    1.000000
18  0    0.281766    0.890364   38.911513   1.505619     0.407282   0.398850    0.146683    1.000000
19  0    0.281445    0.890581   41.157616   1.841846     0.404257   0.396534    0.146701    1.000000
20  0    0.280864    0.890905   43.455463   1.894660     0.403187   0.395756    0.146730    1.000000
21  0    0.280436    0.891117   45.222037   1.363333     0.403240   0.395315    0.146740    1.000000
22  0    0.280203    0.891318   47.564940   1.937884     0.405019   0.396736    0.146748    1.000000
23  0    0.280066    0.891395   49.675510   1.702322     0.408249   0.400019    0.146761    1.000000
24  0    0.280181    0.891386   51.349351   1.273780     0.400060   0.392053    0.146774    1.000000
25  0    0.280281    0.891403   53.308231   1.550110     0.408771   0.400317    0.146789    1.000000
26  0    0.280571    0.891332   55.534966   1.819596     0.407138   0.398285    0.146811    1.000000
27  0    0.280597    0.891310   57.354821   1.414299     0.405557   0.396857    0.146816    1.000000
28  0    0.280977    0.891141   59.228221   1.461084     0.412315   0.404400    0.146822    1.000000
29  0    0.280923    0.891177   61.012656   1.380475     0.403960   0.395443    0.146828    1.000000
30  0    0.280866    0.891193   63.029255   1.606147     0.410452   0.402193    0.146837    1.000000
31  0    0.280855    0.891229   64.835478   1.389552     0.416670   0.407655    0.146847    1.000000
32  0    0.280540    0.891387   66.648189   1.408840     0.403871   0.395685    0.146855    1.000000
33  0    0.280588    0.891392   68.535365   1.480680     0.406496   0.398816    0.146864    1.000000
34  0    0.280257    0.891515   70.258020   1.310508     0.412147   0.403695    0.146871    1.000000
35  0    0.280061    0.891593   72.027495   1.362534     0.406941   0.398281    0.146880    1.000000
36  0    0.279915    0.891576   73.908795   1.475298     0.406002   0.398576    0.146888    1.000000
37  0    0.279895    0.891503   76.044666   1.724062     0.411810   0.403127    0.146893    1.000000
38  0    0.279940    0.891474   77.905447   1.454818     0.405962   0.398430    0.146895    1.000000
39  0    0.280075    0.891366   79.815670   1.496128     0.414095   0.406485    0.146908    1.000000
40  0    0.280180    0.891287   81.580449   1.361412     0.403367   0.395732    0.146914    1.000000
41  0    0.280305    0.891216   83.582971   1.589581     0.412942   0.404862    0.146917    1.000000
42  0    0.280379    0.891173   85.547473   1.562153     0.402349   0.394448    0.146923    1.000000
43  0    0.280405    0.891147   87.400633   1.450187     0.402972   0.395562    0.146926    1.000000
44  0    0.280336    0.891175   88.963577   1.159253     0.403691   0.396280    0.146927    1.000000
45  0    0.280252    0.891241   90.961680   1.597047     0.401057   0.393513    0.146930    1.000000
46  0    0.280153    0.891264   92.720638   1.349782     0.409175   0.401328    0.146934    1.000000
47  0    0.279947    0.891372   94.664265   1.533844     0.409783   0.402069    0.146940    1.000000
48  0    0.279918    0.891410   96.332601   1.262742     0.405594   0.398032    0.146945    1.000000
49  0    0.279787    0.891486   98.347943   1.609638     0.405704   0.397719    0.146956    1.000000
50  0    0.279719    0.891515   100.062676  1.314479     0.400254   0.391857    0.146957    1.000000
total average training time is: 105.415

total average update time is: 79.73

total average wait time is: 20.3327

total average synchronization time is: 19.9279

Total train time is 119.021 second.
