dim=1163024
procnum = 64,synchronize!!!
Max Iterations = 50
#   RANK ObjectValue Accuracy   SumIterTime AvUpdateTime AvWaitTime AvSynchTime SparseRatio Rho 
1   0    0.385841    0.887799   1.740391    0.771916     0.968475   0.958309    0.050409    1.000000
2   0    0.330501    0.883713   3.844453    1.205075     0.898987   0.888428    0.050904    1.000000
3   0    0.306727    0.884423   6.234376    1.475152     0.914772   0.902732    0.056573    1.000000
4   0    0.292039    0.888315   9.400155    2.241945     0.923834   0.911286    0.062856    1.000000
5   0    0.290025    0.889072   12.856755   2.539127     0.917473   0.906811    0.067341    1.000000
6   0    0.288821    0.888991   16.700557   2.908875     0.934927   0.924310    0.068365    1.000000
7   0    0.289213    0.888472   20.740691   3.134853     0.905281   0.895873    0.068696    1.000000
8   0    0.288080    0.888878   24.268194   2.614164     0.913340   0.903799    0.068884    1.000000
9   0    0.286688    0.889339   27.782249   2.618907     0.895148   0.884913    0.069005    1.000000
10  0    0.285455    0.889704   31.329228   2.632099     0.914880   0.904882    0.069116    1.000000
11  0    0.284482    0.889999   34.793030   2.534515     0.929287   0.917344    0.069194    1.000000
12  0    0.283738    0.890247   38.100998   2.380546     0.927422   0.918134    0.069252    1.000000
13  0    0.283189    0.890393   41.330937   2.299180     0.930759   0.922119    0.069303    1.000000
14  0    0.282799    0.890468   44.504494   2.274673     0.898883   0.889436    0.069355    1.000000
15  0    0.282572    0.890481   47.677148   2.263688     0.908966   0.899551    0.069385    1.000000
16  0    0.282499    0.890460   50.758139   2.163032     0.917959   0.907543    0.069422    1.000000
17  0    0.282555    0.890377   53.825396   2.165136     0.902121   0.890134    0.069448    1.000000
18  0    0.282719    0.890293   56.916429   2.187479     0.903554   0.891303    0.069480    1.000000
19  0    0.282961    0.890084   60.014347   2.167927     0.929990   0.919466    0.069508    1.000000
20  0    0.283249    0.889884   63.155451   2.192490     0.948615   0.935730    0.069537    1.000000
21  0    0.283554    0.889650   66.283550   2.140544     0.987554   0.975562    0.069566    1.000000
22  0    0.283846    0.889496   69.342333   2.166572     0.892211   0.882398    0.069596    1.000000
23  0    0.284086    0.889422   72.436360   2.189256     0.904771   0.895587    0.069617    1.000000
24  0    0.284267    0.889260   75.551894   2.188666     0.926868   0.917694    0.069644    1.000000
25  0    0.284374    0.889177   78.594603   2.113042     0.929668   0.917153    0.069672    1.000000
26  0    0.284398    0.889133   81.650460   2.147767     0.908089   0.897776    0.069702    1.000000
27  0    0.284355    0.889129   84.603693   2.056252     0.896982   0.884770    0.069723    1.000000
28  0    0.284231    0.889182   87.653938   2.139015     0.911229   0.899415    0.069747    1.000000
29  0    0.284026    0.889279   90.581103   2.020689     0.906475   0.893692    0.069764    1.000000
30  0    0.283795    0.889431   93.611641   2.113861     0.916677   0.907217    0.069781    1.000000
31  0    0.283527    0.889573   96.233230   1.678252     0.943337   0.931357    0.069805    1.000000
32  0    0.283199    0.889697   98.811487   1.685457     0.892800   0.882497    0.069821    1.000000
33  0    0.282851    0.889880   101.306056  1.555439     0.939130   0.928854    0.069834    1.000000
34  0    0.282540    0.890027   103.915464  1.706713     0.902696   0.893210    0.069858    1.000000
35  0    0.282137    0.890313   106.413333  1.518980     0.978888   0.967535    0.069875    1.000000
36  0    0.281855    0.890501   108.904538  1.592580     0.898624   0.888184    0.069885    1.000000
37  0    0.281490    0.890686   111.398336  1.570686     0.923113   0.912074    0.069897    1.000000
38  0    0.281239    0.890817   113.848819  1.534140     0.916343   0.904735    0.069911    1.000000
39  0    0.280956    0.890957   116.253143  1.491273     0.913052   0.903867    0.069919    1.000000
40  0    0.280774    0.891038   118.707380  1.534879     0.919358   0.909754    0.069934    1.000000
41  0    0.280590    0.891160   121.160742  1.536342     0.917020   0.906982    0.069940    1.000000
42  0    0.280489    0.891228   123.639811  1.561775     0.917294   0.906829    0.069945    1.000000
43  0    0.280405    0.891298   126.179289  1.615141     0.924337   0.914437    0.069954    1.000000
44  0    0.280376    0.891363   128.665733  1.567702     0.918742   0.908924    0.069960    1.000000
45  0    0.280379    0.891356   131.271337  1.670576     0.935028   0.924093    0.069968    1.000000
46  0    0.280413    0.891360   133.857238  1.623907     0.961994   0.952752    0.069975    1.000000
47  0    0.280477    0.891336   136.447254  1.654412     0.935604   0.926926    0.069980    1.000000
48  0    0.280544    0.891323   139.093361  1.712980     0.933127   0.922877    0.069987    1.000000
49  0    0.280631    0.891340   141.713743  1.708278     0.912104   0.902163    0.069989    1.000000
50  0    0.280704    0.891288   144.339296  1.715502     0.910051   0.899410    0.069992    1.000000
total average training time is: 150.608

total average update time is: 98.2815

total average wait time is: 46.0578

total average synchronization time is: 45.5308

Total train time is 165.797 second.
