dim=1163024
procnum = 64,synchronize!!!
Max Iterations = 50
#   RANK ObjectValue Accuracy   SumIterTime   SumUpdaTime SumWaitTime  SumSynTime AvUpdaTime   AvWaitTime  AvSynTime   SparseRatio Rho 
1   0    0.287217    0.890078   1.173805         0.029484    1.144321    0.990241 0.029484     1.144321    0.990241    0.050409    1.000000
2   0    0.284123    0.890549   7.128509         4.762626    2.365883    2.044916 4.733142     1.221562    1.054675    0.050409    1.000000
3   0    0.282725    0.890720   13.117981        9.618006    3.499976    3.047722 4.855380     1.134093    1.002806    0.050409    1.000000
4   0    0.281786    0.891026   19.783179       15.067346    4.715833    4.123432 5.449340     1.215857    1.075710    0.050409    1.000000
5   0    0.281236    0.891196   25.451449       19.577269    5.874180    5.148247 4.509923     1.158347    1.024816    0.050409    1.000000
6   0    0.280914    0.891247   30.045724       22.970202    7.075522    6.187175 3.392934     1.201342    1.038927    0.050409    1.000000
7   0    0.280706    0.891315   34.129218       25.854853    8.274365    7.249341 2.884650     1.198843    1.062166    0.050409    1.000000
8   0    0.280581    0.891355   38.163430       28.698664    9.464766    8.289725 2.843811     1.190400    1.040384    0.050409    1.000000
9   0    0.280516    0.891302   42.169703       31.491152   10.678550    9.359608 2.792488     1.213785    1.069883    0.050409    1.000000
10  0    0.280493    0.891359   45.971833       34.115812   11.856021   10.367256 2.624660     1.177470    1.007648    0.050409    1.000000
11  0    0.280495    0.891380   49.730689       36.662180   13.068509   11.442819 2.546368     1.212488    1.075563    0.050409    1.000000
12  0    0.280515    0.891283   53.281887       38.968037   14.313850   12.518932 2.305856     1.245342    1.076113    0.050409    1.000000
13  0    0.280544    0.891260   56.750541       41.168540   15.582001   13.648764 2.200503     1.268150    1.129832    0.050409    1.000000
14  0    0.280575    0.891184   60.090438       43.286847   16.803591   14.711373 2.118307     1.221590    1.062609    0.050409    1.000000
15  0    0.280606    0.891143   63.379198       45.336675   18.042523   15.807576 2.049828     1.238932    1.096202    0.050409    1.000000
16  0    0.280638    0.891073   66.620541       47.363500   19.257042   16.861251 2.026825     1.214519    1.053676    0.050409    1.000000
17  0    0.280664    0.891022   69.793379       49.372448   20.420931   17.880492 2.008948     1.163890    1.019240    0.050409    1.000000
18  0    0.280680    0.891044   72.920606       51.347782   21.572824   18.896364 1.975334     1.151893    1.015872    0.050409    1.000000
19  0    0.280689    0.891094   76.035575       53.303286   22.732289   19.886249 1.955504     1.159465    0.989885    0.050409    1.000000
20  0    0.280710    0.891070   79.120072       55.234104   23.885968   20.878996 1.930818     1.153679    0.992747    0.050409    1.000000
21  0    0.280723    0.891041   82.260470       57.162290   25.098180   21.950770 1.928186     1.212212    1.071775    0.050409    1.000000
22  0    0.280744    0.891081   85.416031       59.092475   26.323556   23.035767 1.930186     1.225376    1.084996    0.050409    1.000000
23  0    0.280763    0.891053   88.574931       61.022387   27.552544   24.122725 1.929912     1.228988    1.086959    0.050409    1.000000
24  0    0.280783    0.891065   91.716081       62.974300   28.741781   25.170686 1.951913     1.189237    1.047960    0.050409    1.000000
25  0    0.280805    0.891060   94.941526       64.927576   30.013950   26.302902 1.953276     1.272169    1.132217    0.050409    1.000000
26  0    0.280828    0.891022   98.072478       66.879872   31.192606   27.327996 1.952296     1.178656    1.025093    0.050409    1.000000
27  0    0.280853    0.891053   101.213864      68.837532   32.376332   28.376148 1.957660     1.183726    1.048153    0.050409    1.000000
28  0    0.280879    0.891038   104.343731      70.765499   33.578233   29.435469 1.927967     1.201901    1.059321    0.050409    1.000000
29  0    0.280910    0.891025   107.460392      72.671431   34.788961   30.513138 1.905932     1.210728    1.077669    0.050409    1.000000
30  0    0.280934    0.891024   110.578063      74.599934   35.978129   31.562949 1.928503     1.189167    1.049811    0.050409    1.000000
31  0    0.280969    0.891026   113.668620      76.529247   37.139372   32.581332 1.929313     1.161244    1.018383    0.050409    1.000000
32  0    0.280992    0.891010   116.763381      78.465130   38.298251   33.591186 1.935883     1.158878    1.009854    0.050409    1.000000
33  0    0.281028    0.890985   119.878485      80.379064   39.499421   34.646429 1.913934     1.201170    1.055243    0.050409    1.000000
34  0    0.281051    0.890964   122.987689      82.270704   40.716985   35.711176 1.891640     1.217564    1.064746    0.050409    1.000000
35  0    0.281087    0.890956   126.046546      84.126149   41.920396   36.776667 1.855445     1.203412    1.065491    0.050409    1.000000
36  0    0.281104    0.890949   129.182452      86.053693   43.128759   37.852016 1.927543     1.208363    1.075349    0.050409    1.000000
37  0    0.281131    0.890978   132.250834      87.924065   44.326769   38.894131 1.870373     1.198009    1.042115    0.050409    1.000000
38  0    0.281144    0.890969   135.083548      89.548715   45.534833   39.968147 1.624650     1.208064    1.074016    0.050409    1.000000
39  0    0.281173    0.890958   138.205731      91.463549   46.742181   41.025311 1.914834     1.207349    1.057163    0.050409    1.000000
40  0    0.281195    0.890950   141.093312      93.112307   47.981005   42.103358 1.648758     1.238823    1.078048    0.050409    1.000000
41  0    0.281211    0.890938   143.923079      94.810234   49.112845   43.099105 1.697927     1.131840    0.995747    0.050409    1.000000
42  0    0.281233    0.890943   146.730988      96.489066   50.241923   44.080286 1.678831     1.129077    0.981181    0.050409    1.000000
43  0    0.281258    0.890935   149.528621      98.099021   51.429600   45.133173 1.609956     1.187677    1.052887    0.050409    1.000000
44  0    0.281271    0.890949   152.543059      99.862317   52.680742   46.238188 1.763296     1.251142    1.105015    0.050409    1.000000
45  0    0.281296    0.890931   155.113794     101.282828   53.830966   47.236099 1.420511     1.150224    0.997911    0.050409    1.000000
46  0    0.281306    0.890953   158.075033     103.055140   55.019893   48.288048 1.772312     1.188928    1.051949    0.050409    1.000000
47  0    0.281333    0.890949   160.782136     104.578266   56.203870   49.327442 1.523127     1.183977    1.039394    0.050409    1.000000
48  0    0.281355    0.890943   163.707524     106.276286   57.431238   50.415056 1.698020     1.227368    1.087614    0.050409    1.000000
49  0    0.281369    0.890957   166.590456     107.981484   58.608972   51.460749 1.705197     1.177734    1.045693    0.050409    1.000000
50  0    0.281392    0.890960   169.544843     109.737824   59.807020   52.503923 1.756340     1.198047    1.043174    0.050409    1.000000
total average training time is: 218.273

total average update time is: 109.738

total average wait time is: 59.807

total average synchronization time is: 52.5039

Total train time is 228.418 second.
