dim=1163024
procnum = 64,synchronize!!!
Max Iterations = 50
#   RANK ObjectValue Accuracy   SumIterTime   SumUpdaTime SumWaitTime  SumSynTime AvUpdaTime   AvWaitTime  AvSynTime   SparseRatio Rho 
1   0    0.287217    0.890078   1.183632         0.019714    1.163918    1.022468 0.019714     1.163918    1.022468    0.050409    1.000000
2   0    0.284055    0.890595   7.166063         4.797028    2.369035    2.073506 4.777314     1.205117    1.051038    0.050409    1.000000
3   0    0.282781    0.890727   13.296386        9.691243    3.605143    3.162915 4.894215     1.236109    1.089409    0.050409    1.000000
4   0    0.281836    0.890949   19.879236       15.076818    4.802418    4.220175 5.385575     1.197275    1.057260    0.050409    1.000000
5   0    0.281284    0.891107   25.990759       19.986217    6.004542    5.276095 4.909399     1.202124    1.055920    0.050409    1.000000
6   0    0.281004    0.891187   30.658304       23.392801    7.265504    6.384735 3.406584     1.260961    1.108640    0.050409    1.000000
7   0    0.280808    0.891257   34.729570       26.295402    8.434168    7.397861 2.902601     1.168665    1.013126    0.050409    1.000000
8   0    0.280663    0.891319   38.788950       29.164127    9.624824    8.444803 2.868725     1.190655    1.046943    0.050409    1.000000
9   0    0.280625    0.891280   42.831888       31.996856   10.835032    9.518923 2.832730     1.210208    1.074120    0.050409    1.000000
10  0    0.280612    0.891283   46.839415       34.778131   12.061284   10.568709 2.781275     1.226252    1.049786    0.050409    1.000000
11  0    0.280608    0.891319   50.625275       37.402982   13.222294   11.581627 2.624851     1.161010    1.012918    0.050409    1.000000
12  0    0.280587    0.891326   54.357371       39.923749   14.433622   12.638779 2.520768     1.211328    1.057152    0.050409    1.000000
13  0    0.280605    0.891286   57.811696       42.242527   15.569169   13.628719 2.318778     1.135547    0.989940    0.050409    1.000000
14  0    0.280625    0.891176   61.330572       44.520012   16.810560   14.720723 2.277484     1.241391    1.092004    0.050409    1.000000
15  0    0.280628    0.891120   64.772497       46.756893   18.015604   15.778718 2.236881     1.205044    1.057995    0.050409    1.000000
16  0    0.280661    0.891065   68.204588       48.978913   19.225675   16.820407 2.222020     1.210071    1.041689    0.050409    1.000000
17  0    0.280679    0.891014   71.584129       51.188402   20.395727   17.847549 2.209489     1.170052    1.027142    0.050409    1.000000
18  0    0.280706    0.891061   75.036055       53.408430   21.627625   18.922994 2.220028     1.231898    1.075445    0.050409    1.000000
19  0    0.280711    0.891025   78.497760       55.641918   22.855842   19.997082 2.233488     1.228217    1.074088    0.050409    1.000000
20  0    0.280739    0.891028   81.994649       57.865423   24.129227   21.115507 2.223505     1.273384    1.118425    0.050409    1.000000
21  0    0.280750    0.891050   85.412966       60.036462   25.376504   22.190336 2.171039     1.247278    1.074829    0.050409    1.000000
22  0    0.280739    0.891089   88.836783       62.259352   26.577431   23.246393 2.222890     1.200927    1.056057    0.050409    1.000000
23  0    0.280796    0.891078   92.298367       64.481054   27.817313   24.336396 2.221702     1.239883    1.090003    0.050409    1.000000
24  0    0.280810    0.891072   95.706198       66.663429   29.042769   25.397659 2.182375     1.225456    1.061264    0.050409    1.000000
25  0    0.280851    0.891057   99.033577       68.844825   30.188753   26.395916 2.181396     1.145983    0.998256    0.050409    1.000000
26  0    0.280899    0.891037   102.415752      71.005126   31.410626   27.472385 2.160302     1.221873    1.076469    0.050409    1.000000
27  0    0.280885    0.891030   105.789911      73.187541   32.602370   28.523606 2.182415     1.191744    1.051221    0.050409    1.000000
28  0    0.280914    0.890961   109.161039      75.340493   33.820546   29.597766 2.152952     1.218176    1.074161    0.050409    1.000000
29  0    0.280958    0.890977   112.489066      77.513476   34.975589   30.607629 2.172984     1.155043    1.009863    0.050409    1.000000
30  0    0.280996    0.890972   115.872920      79.718520   36.154400   31.622721 2.205044     1.178811    1.015092    0.050409    1.000000
31  0    0.281035    0.890990   119.192677      81.865125   37.327551   32.644285 2.146605     1.173151    1.021564    0.050409    1.000000
32  0    0.281052    0.890972   122.506237      84.000994   38.505242   33.670967 2.135869     1.177691    1.026682    0.050409    1.000000
33  0    0.281072    0.890973   125.908480      86.167177   39.741303   34.756007 2.166183     1.236061    1.085040    0.050409    1.000000
34  0    0.281111    0.890966   129.352536      88.330832   41.021704   35.869242 2.163655     1.280401    1.113235    0.050409    1.000000
35  0    0.281158    0.890945   132.662100      90.481788   42.180313   36.885001 2.150956     1.158608    1.015759    0.050409    1.000000
36  0    0.281052    0.890962   136.061993      92.608222   43.453771   37.992119 2.126434     1.273459    1.107118    0.050409    1.000000
37  0    0.281065    0.891012   139.705238      94.969438   44.735800   39.131888 2.361216     1.282029    1.139769    0.050409    1.000000
38  0    0.281085    0.890990   143.203485      97.254052   45.949433   40.204963 2.284613     1.213634    1.073075    0.050409    1.000000
39  0    0.281140    0.890943   146.175156      99.054265   47.120890   41.230401 1.800214     1.171457    1.025438    0.050409    1.000000
40  0    0.281616    0.890817   149.360413     101.076973   48.283440   42.246769 2.022708     1.162550    1.016368    0.050409    1.000000
41  0    0.281668    0.890956   156.651717     107.182366   49.469350   43.277286 6.105393     1.185911    1.030517    0.050409    1.000000
42  0    0.282008    0.890731   162.415828     111.703602   50.712226   44.374526 4.521236     1.242875    1.097240    0.050409    1.000000
43  0    0.282574    0.890416   166.606177     114.659640   51.946537   45.463525 2.956038     1.234311    1.088999    0.050409    1.000000
44  0    0.283452    0.890046   171.133911     117.977405   53.156506   46.514470 3.317764     1.209969    1.050946    0.050409    1.000000
45  0    0.284566    0.889538   175.635543     121.273452   54.362091   47.576575 3.296048     1.205585    1.062105    0.050409    1.000000
46  0    0.285786    0.889128   180.143765     124.618622   55.525143   48.591551 3.345170     1.163052    1.014976    0.050409    1.000000
47  0    0.287080    0.888554   184.621680     127.889860   56.731820   49.650558 3.271238     1.206677    1.059007    0.050409    1.000000
48  0    0.288323    0.888001   188.928115     130.997873   57.930242   50.690886 3.108013     1.198422    1.040328    0.050409    1.000000
49  0    0.289471    0.887493   193.059414     133.963103   59.096311   51.713339 2.965230     1.166069    1.022453    0.050409    1.000000
50  0    0.290465    0.887090   197.112378     136.796260   60.316118   52.799259 2.833156     1.219808    1.085920    0.050409    1.000000
total average training time is: 245.191

total average update time is: 136.796

total average wait time is: 60.3161

total average synchronization time is: 52.7993

Total train time is 255.915 second.
