dim=1163024
procnum = 64,synchronize!!!
Max Iterations = 50
#   RANK ObjectValue Accuracy   SumIterTime   SumUpdaTime SumWaitTime  SumSynTime AvUpdaTime   AvWaitTime  AvSynTime   SparseRatio Rho 
1   0    0.358213    0.887810   1.188409         0.014743    1.173667    1.024692 0.014743     1.173667    1.024692    0.050409    1.000000
2   0    0.302468    0.889304   3.659025         1.294097    2.364928    2.071767 1.279354     1.191261    1.047075    0.050409    1.000000
3   0    0.288454    0.890055   6.404377         2.824305    3.580072    3.115211 1.530208     1.215145    1.043444    0.050409    1.000000
4   0    0.283958    0.890569   9.713499         4.936169    4.777330    4.164228 2.111865     1.197257    1.049017    0.050409    1.000000
5   0    0.282250    0.890834   13.598439        7.662783    5.935655    5.161568 2.726614     1.158326    0.997340    0.050409    1.000000
6   0    0.281367    0.891132   17.677402       10.582735    7.094667    6.170388 2.919951     1.159012    1.008820    0.050409    1.000000
7   0    0.281036    0.891286   21.898907       13.548005    8.350902    7.262922 2.965270     1.256235    1.092534    0.050409    1.000000
8   0    0.280804    0.891336   26.120098       16.580727    9.539370    8.305993 3.032722     1.188468    1.043071    0.050409    1.000000
9   0    0.280690    0.891262   30.368178       19.619202   10.748976    9.352758 3.038475     1.209606    1.046765    0.050409    1.000000
10  0    0.280644    0.891248   34.422181       22.519143   11.903038   10.363572 2.899941     1.154062    1.010814    0.050409    1.000000
11  0    0.280640    0.891253   38.434148       25.373212   13.060936   11.375655 2.854069     1.157898    1.012084    0.050409    1.000000
12  0    0.280673    0.891259   42.482403       28.228088   14.254316   12.417599 2.854875     1.193380    1.041944    0.050409    1.000000
13  0    0.280679    0.891233   46.452012       30.969924   15.482087   13.462974 2.741837     1.227771    1.045375    0.050409    1.000000
14  0    0.280754    0.891171   50.248755       33.542791   16.705965   14.536802 2.572866     1.223878    1.073828    0.050409    1.000000
15  0    0.280788    0.891135   53.769336       35.864491   17.904845   15.592143 2.321700     1.198880    1.055341    0.050409    1.000000
16  0    0.280822    0.891058   57.228654       38.145937   19.082717   16.617199 2.281446     1.177873    1.025056    0.050409    1.000000
17  0    0.280844    0.891041   60.661596       40.427698   20.233899   17.626950 2.281761     1.151181    1.009751    0.050409    1.000000
18  0    0.280850    0.890989   64.077104       42.661145   21.415958   18.663291 2.233447     1.182060    1.036341    0.050409    1.000000
19  0    0.280863    0.891026   67.526762       44.869518   22.657244   19.728921 2.208373     1.241286    1.065630    0.050409    1.000000
20  0    0.280853    0.891034   70.901404       47.058624   23.842780   20.737689 2.189106     1.185536    1.008767    0.050409    1.000000
21  0    0.280885    0.891042   74.306985       49.305701   25.001284   21.744993 2.247077     1.158504    1.007305    0.050409    1.000000
22  0    0.280911    0.891034   77.763929       51.532512   26.231418   22.836476 2.226811     1.230134    1.091483    0.050409    1.000000
23  0    0.280924    0.891009   81.157472       53.708866   27.448605   23.905754 2.176355     1.217187    1.069277    0.050409    1.000000
24  0    0.280927    0.891053   84.556897       55.912698   28.644200   24.957980 2.203831     1.195594    1.052226    0.050409    1.000000
25  0    0.280955    0.891026   87.920518       58.078370   29.842149   25.967978 2.165672     1.197949    1.009998    0.050409    1.000000
26  0    0.280991    0.891034   91.276933       60.226879   31.050054   27.028527 2.148509     1.207906    1.060549    0.050409    1.000000
27  0    0.281000    0.891024   94.703718       62.399615   32.304103   28.133524 2.172735     1.254049    1.104998    0.050409    1.000000
28  0    0.281040    0.890985   98.064690       64.579553   33.485136   29.166397 2.179939     1.181033    1.032873    0.050409    1.000000
29  0    0.281066    0.890977   101.426411      66.761243   34.665168   30.178688 2.181689     1.180032    1.012291    0.050409    1.000000
30  0    0.281080    0.890956   104.819822      68.945243   35.874578   31.241047 2.184001     1.209410    1.062358    0.050409    1.000000
31  0    0.281104    0.890946   108.167955      71.069339   37.098615   32.309704 2.124096     1.224037    1.068658    0.050409    1.000000
32  0    0.281099    0.890931   111.431470      73.191971   38.239499   33.309601 2.122631     1.140884    0.999897    0.050409    1.000000
33  0    0.281125    0.890954   114.832672      75.328517   39.504155   34.405891 2.136546     1.264656    1.096290    0.050409    1.000000
34  0    0.281136    0.890976   118.166679      77.445459   40.721220   35.470814 2.116942     1.217065    1.064923    0.050409    1.000000
35  0    0.281168    0.890956   121.543759      79.585087   41.958673   36.558637 2.139627     1.237453    1.087822    0.050409    1.000000
36  0    0.281160    0.890973   124.982352      81.749249   43.233104   37.661555 2.164162     1.274431    1.102918    0.050409    1.000000
37  0    0.281187    0.890957   128.332448      83.918894   44.413554   38.688835 2.169645     1.180451    1.027280    0.050409    1.000000
38  0    0.281192    0.890933   131.683635      86.058862   45.624772   39.726964 2.139968     1.211218    1.038130    0.050409    1.000000
39  0    0.281129    0.890921   134.958446      88.165634   46.792812   40.735093 2.106772     1.168039    1.008129    0.050409    1.000000
40  0    0.281115    0.890923   138.513623      90.479246   48.034378   41.821084 2.313612     1.241566    1.085990    0.050409    1.000000
41  0    0.281125    0.890915   142.016069      92.810890   49.205179   42.844854 2.331644     1.170802    1.023770    0.050409    1.000000
42  0    0.281151    0.890885   145.030584      94.631715   50.398870   43.893877 1.820825     1.193691    1.049023    0.050409    2.000000
43  0    0.281732    0.890628   148.234613      96.638207   51.596406   44.947526 2.006492     1.197537    1.053649    0.050409    2.000000
44  0    0.281441    0.890870   151.914038      99.128780   52.785258   45.981598 2.490573     1.188852    1.034072    0.050409    2.000000
45  0    0.281616    0.890823   155.483141     101.518168   53.964973   47.004834 2.389388     1.179715    1.023236    0.050409    2.000000
46  0    0.281971    0.890646   159.574334     104.437782   55.136553   48.028255 2.919614     1.171580    1.023420    0.050409    2.000000
47  0    0.282657    0.890337   164.051389     107.764023   56.287366   49.040710 3.326241     1.150814    1.012455    0.050409    2.000000
48  0    0.283531    0.889931   168.426842     110.965094   57.461748   50.031278 3.201071     1.174382    0.990568    0.050409    2.000000
49  0    0.284560    0.889387   172.926958     114.274645   58.652313   51.077158 3.309551     1.190565    1.045880    0.050409    2.000000
50  0    0.285614    0.888875   177.397501     117.521490   59.876011   52.156987 3.246846     1.223698    1.079829    0.050409    2.000000
total average training time is: 226.245

total average update time is: 117.521

total average wait time is: 59.876

total average synchronization time is: 52.157

Total train time is 228.259 second.
