dim=1163024
procnum = 64,synchronize!!!
Max Iterations = 50
#   RANK ObjectValue Accuracy   SumIterTime   SumUpdaTime SumWaitTime  SumSynTime AvUpdaTime   AvWaitTime  AvSynTime   SparseRatio Rho 
1   0    0.358213    0.887810   1.187782         0.013918    1.173864    0.990935 0.013918     1.173864    0.990935    0.050409    1.000000
2   0    0.302511    0.889291   3.656625         1.297650    2.358976    2.032927 1.283731     1.185112    1.041992    0.050409    1.000000
3   0    0.288385    0.890031   6.443407         2.859022    3.584384    3.084370 1.561373     1.225409    1.051442    0.050409    1.000000
4   0    0.283862    0.890588   9.790196         4.983442    4.806755    4.128509 2.124419     1.222371    1.044139    0.050409    1.000000
5   0    0.282175    0.890871   13.757556        7.740695    6.016861    5.172645 2.757253     1.210106    1.044136    0.050409    1.000000
6   0    0.281374    0.891132   17.881606       10.622754    7.258852    6.239155 2.882059     1.241991    1.066510    0.050409    1.000000
7   0    0.281073    0.891240   22.043105       13.572234    8.470871    7.294039 2.949480     1.212019    1.054884    0.050409    1.000000
8   0    0.280933    0.891216   26.286424       16.584871    9.701553    8.373314 3.012636     1.230682    1.079275    0.050409    1.000000
9   0    0.280857    0.891171   30.509814       19.615899   10.893914    9.416250 3.031028     1.192362    1.042936    0.050409    1.000000
10  0    0.280825    0.891143   34.572200       22.549091   12.023110   10.400687 2.933191     1.129195    0.984438    0.050409    1.000000
11  0    0.280872    0.891140   38.670914       25.433033   13.237881   11.464115 2.883942     1.214771    1.063428    0.050409    1.000000
12  0    0.280926    0.891072   42.694560       28.262997   14.431563   12.510635 2.829964     1.193682    1.046520    0.050409    1.000000
13  0    0.280978    0.891076   46.710835       31.071751   15.639085   13.569567 2.808754     1.207522    1.058931    0.050409    1.000000
14  0    0.281009    0.891029   50.566978       33.697091   16.869887   14.658614 2.625341     1.230802    1.089048    0.050409    1.000000
15  0    0.281097    0.890919   54.466198       36.380386   18.085812   15.696698 2.683295     1.215925    1.038084    0.050409    1.000000
16  0    0.281075    0.890910   58.210411       38.893486   19.316925   16.776558 2.513100     1.231113    1.079860    0.050409    1.000000
17  0    0.281044    0.890962   61.794186       41.269449   20.524736   17.838937 2.375963     1.207812    1.062379    0.050409    1.000000
18  0    0.281144    0.890861   65.416644       43.645178   21.771466   18.944233 2.375729     1.246730    1.105296    0.050409    1.000000
19  0    0.281170    0.890846   68.942312       45.981327   22.960984   19.985283 2.336149     1.189518    1.041050    0.050409    1.000000
20  0    0.281192    0.890873   72.477772       48.294325   24.183448   21.047735 2.312997     1.222463    1.062452    0.050409    1.000000
21  0    0.281223    0.890811   76.074458       50.646545   25.427913   22.145701 2.352221     1.244465    1.097966    0.050409    1.000000
22  0    0.281233    0.890801   79.616700       52.983881   26.632819   23.173578 2.337336     1.204906    1.027877    0.050409    1.000000
23  0    0.281229    0.890810   83.172316       55.364094   27.808222   24.202425 2.380212     1.175403    1.028846    0.050409    1.000000
24  0    0.281289    0.890802   86.816836       57.776808   29.040028   25.281315 2.412714     1.231807    1.078890    0.050409    1.000000
25  0    0.281208    0.890858   90.419933       60.151018   30.268915   26.338992 2.374210     1.228887    1.057677    0.050409    1.000000
26  0    0.281189    0.890845   94.028535       62.627172   31.401364   27.323318 2.476153     1.132449    0.984326    0.050409    1.000000
27  0    0.281206    0.890861   97.700223       65.066189   32.634034   28.412983 2.439018     1.232670    1.089665    0.050409    1.000000
28  0    0.281204    0.890841   101.280824      67.431967   33.848857   29.478756 2.365778     1.214823    1.065773    0.050409    1.000000
29  0    0.281402    0.890604   104.770554      69.714589   35.055965   30.535535 2.282622     1.207108    1.056779    0.050409    1.000000
30  0    0.281327    0.890632   108.354750      72.137400   36.217351   31.549926 2.422811     1.161385    1.014391    0.050409    1.000000
31  0    0.281320    0.890658   112.162796      74.762261   37.400535   32.587009 2.624861     1.183184    1.037083    0.050409    1.000000
32  0    0.281399    0.890651   115.751373      77.158856   38.592517   33.627081 2.396595     1.191982    1.040072    0.050409    1.000000
33  0    0.281395    0.890599   119.318035      79.531377   39.786658   34.670818 2.372521     1.194141    1.043737    0.050409    1.000000
34  0    0.281399    0.890700   122.931344      81.990786   40.940559   35.677540 2.459408     1.153901    1.006722    0.050409    1.000000
35  0    0.281521    0.890680   126.779138      84.614863   42.164274   36.752092 2.624078     1.223715    1.074552    0.050409    1.000000
36  0    0.281661    0.890667   130.479521      87.101241   43.378280   37.791610 2.486378     1.214006    1.039518    0.050409    1.000000
37  0    0.281815    0.890607   134.085103      89.522146   44.562956   38.829378 2.420905     1.184676    1.037769    0.050409    1.000000
38  0    0.281968    0.890470   137.623048      91.901514   45.721533   39.835354 2.379368     1.158577    1.005976    0.050409    1.000000
39  0    0.282158    0.890377   141.423216      94.456288   46.966928   40.925349 2.554774     1.245395    1.089995    0.050409    1.000000
40  0    0.282387    0.890302   145.077773      96.904070   48.173703   41.985664 2.447782     1.206775    1.060314    0.050409    1.000000
41  0    0.282700    0.890275   148.751476      99.388381   49.363095   43.013147 2.484311     1.189392    1.027483    0.050409    1.000000
42  0    0.282844    0.890298   152.441401     101.848789   50.592613   44.068185 2.460408     1.229518    1.055039    0.050409    1.000000
43  0    0.283071    0.890134   156.336068     104.523878   51.812190   45.105522 2.675090     1.219577    1.037337    0.050409    1.000000
44  0    0.283296    0.890051   160.481974     107.444927   53.037047   46.187619 2.921049     1.224857    1.082097    0.050409    1.000000
45  0    0.283649    0.889885   164.516957     110.262099   54.254857   47.239115 2.817173     1.217810    1.051495    0.050409    1.000000
46  0    0.283978    0.889702   168.490573     113.025048   55.465525   48.297149 2.762949     1.210667    1.058035    0.050409    1.000000
47  0    0.284458    0.889498   172.323706     115.703545   56.620160   49.293496 2.678497     1.154635    0.996346    0.050409    1.000000
48  0    0.284725    0.889412   175.847943     118.000884   57.847059   50.364686 2.297339     1.226899    1.071190    0.050409    1.000000
49  0    0.285021    0.889309   179.566966     120.497627   59.069339   51.438263 2.496743     1.222280    1.073578    0.050409    1.000000
50  0    0.285394    0.889073   183.455314     123.200507   60.254807   52.471663 2.702880     1.185468    1.033399    0.050409    1.000000
total average training time is: 231.477

total average update time is: 123.201

total average wait time is: 60.2548

total average synchronization time is: 52.4717

Total train time is 233.475 second.
