dim=1163024
procnum = 16,synchronize!!!
Max Iterations = 50
#   RANK ObjectValue Accuracy   SumIterTime AvUpdateTime AvWaitTime AvSynchTime SparseRatio Rho 
1   0    0.383943    0.887616   1.210000    0.637919     0.572081   0.562489    0.137275    1.000000
2   0    0.319493    0.884331   2.720892    0.939252     0.571639   0.562752    0.137302    1.000000
3   0    0.300369    0.885771   4.435667    1.156350     0.558426   0.551074    0.139686    1.000000
4   0    0.288640    0.889031   6.502669    1.506038     0.560964   0.551397    0.142206    1.000000
5   0    0.284285    0.890314   9.336436    2.267574     0.566193   0.557509    0.145143    1.000000
6   0    0.282336    0.890712   12.397932   2.495614     0.565882   0.558181    0.146008    1.000000
7   0    0.281735    0.890937   15.620957   2.660440     0.562584   0.554255    0.146277    1.000000
8   0    0.280991    0.891056   18.436278   2.242813     0.572508   0.562108    0.146384    1.000000
9   0    0.280811    0.891065   21.424149   2.429410     0.558461   0.549922    0.146431    1.000000
10  0    0.280933    0.890981   24.036053   2.046207     0.565697   0.556777    0.146485    1.000000
11  0    0.281495    0.890551   26.734138   2.128918     0.569167   0.561450    0.146533    1.000000
12  0    0.281977    0.890246   29.298108   1.998059     0.565911   0.556640    0.146552    1.000000
13  0    0.282401    0.890027   31.964087   2.099837     0.566142   0.557113    0.146577    1.000000
14  0    0.282858    0.889734   34.460201   1.928338     0.567776   0.557789    0.146597    1.000000
15  0    0.282777    0.889789   36.996247   1.972220     0.563826   0.556387    0.146623    1.000000
16  0    0.282591    0.889857   39.528272   1.962512     0.569513   0.560302    0.146645    1.000000
17  0    0.282337    0.889988   42.048032   1.955642     0.564119   0.555058    0.146669    1.000000
18  0    0.281718    0.890402   44.117346   1.506669     0.562644   0.552854    0.146684    1.000000
19  0    0.281460    0.890571   46.045118   1.361223     0.566549   0.558836    0.146705    1.000000
20  0    0.281010    0.890875   48.495026   1.884090     0.565818   0.557559    0.146731    1.000000
21  0    0.280377    0.891151   50.494230   1.433802     0.565402   0.555692    0.146740    1.000000
22  0    0.280220    0.891304   52.390431   1.326792     0.569409   0.561993    0.146749    1.000000
23  0    0.280085    0.891355   54.643905   1.690452     0.563022   0.553005    0.146763    1.000000
24  0    0.280145    0.891399   56.988547   1.777793     0.566850   0.557677    0.146779    1.000000
25  0    0.280225    0.891430   58.705389   1.150197     0.566645   0.558322    0.146793    1.000000
26  0    0.280335    0.891430   61.234803   1.966566     0.562848   0.554165    0.146813    1.000000
27  0    0.280763    0.891229   63.579982   1.783515     0.561664   0.553805    0.146828    1.000000
28  0    0.280984    0.891149   65.930772   1.789613     0.561177   0.553767    0.146834    1.000000
29  0    0.281175    0.891048   68.498396   2.003590     0.564034   0.555782    0.146839    1.000000
30  0    0.281113    0.891128   70.840390   1.764990     0.577003   0.567195    0.146844    1.000000
31  0    0.281108    0.891160   72.682435   1.276911     0.565133   0.555739    0.146863    1.000000
32  0    0.280737    0.891308   75.275448   2.027508     0.565505   0.555713    0.146890    1.000000
33  0    0.280592    0.891340   77.575890   1.731738     0.568705   0.559503    0.146899    1.000000
34  0    0.280398    0.891439   79.730550   1.586612     0.568047   0.558044    0.146905    1.000000
35  0    0.280056    0.891574   82.325582   2.023992     0.571040   0.561615    0.146921    1.000000
36  0    0.279937    0.891578   84.687278   1.800855     0.560841   0.552738    0.146928    1.000000
37  0    0.279888    0.891531   87.174468   1.921051     0.566139   0.557027    0.146951    1.000000
38  0    0.279920    0.891481   89.395612   1.655612     0.565532   0.556786    0.146955    1.000000
39  0    0.280031    0.891422   91.911694   1.949831     0.566251   0.558056    0.146961    1.000000
40  0    0.280174    0.891296   94.168289   1.681738     0.574858   0.566157    0.146964    1.000000
41  0    0.280285    0.891227   95.979204   1.241595     0.569319   0.559469    0.146975    1.000000
42  0    0.280381    0.891200   98.094968   1.549268     0.566496   0.556749    0.146988    1.000000
43  0    0.280415    0.891168   99.866877   1.207614     0.564294   0.555552    0.146988    1.000000
44  0    0.280399    0.891159   102.203012  1.763606     0.572530   0.562731    0.146994    1.000000
45  0    0.280338    0.891185   104.147258  1.373638     0.570608   0.560773    0.146998    1.000000
46  0    0.280206    0.891271   106.167758  1.451375     0.569125   0.559519    0.147006    1.000000
47  0    0.280109    0.891295   107.880753  1.150133     0.562862   0.555101    0.147006    1.000000
48  0    0.279918    0.891379   110.341965  1.890977     0.570235   0.560921    0.147016    1.000000
49  0    0.279856    0.891427   112.062015  1.149486     0.570564   0.561363    0.147018    1.000000
50  0    0.279733    0.891485   114.467991  1.831476     0.574499   0.565192    0.147029    1.000000
total average training time is: 118.442

total average update time is: 86.1315

total average wait time is: 28.3365

total average synchronization time is: 27.8906

Total train time is 119.965 second.
