dim=1163024
procnum = 64,synchronize!!!
Max Iterations = 50
#   RANK ObjectValue Accuracy   SumIterTime   SumUpdaTime SumWaitTime  SumSynTime AvUpdaTime   AvWaitTime  AvSynTime   SparseRatio Rho 
1   0    0.287217    0.890078   1.040355         0.027338    1.013017    1.006462 0.027338     1.013017    1.006462    0.050409    1.000000
2   0    0.284123    0.890549   6.849418         4.745467    2.103951    2.091799 4.718129     1.090934    1.085337    0.050409    1.000000
3   0    0.282725    0.890720   12.711523        9.580791    3.130732    3.112906 4.835325     1.026781    1.021107    0.050409    1.000000
4   0    0.281786    0.891026   19.151847       15.019755    4.132092    4.109060 5.438964     1.001360    0.996154    0.050409    1.000000
5   0    0.281236    0.891196   24.745854       19.515066    5.230788    5.201569 4.495311     1.098696    1.092510    0.050409    1.000000
6   0    0.280914    0.891247   29.241170       22.936790    6.304380    6.269847 3.421723     1.073592    1.068278    0.050409    1.000000
7   0    0.280706    0.891315   33.130725       25.816187    7.314538    7.274882 2.879398     1.010158    1.005035    0.050409    1.000000
8   0    0.280581    0.891355   36.975859       28.656146    8.319713    8.274755 2.839958     1.005175    0.999873    0.050409    1.000000
9   0    0.280516    0.891302   40.842073       31.459963    9.382110    9.330841 2.803817     1.062397    1.056087    0.050409    1.000000
10  0    0.280493    0.891359   44.509188       34.100224   10.408964   10.352077 2.640261     1.026854    1.021236    0.050409    1.000000
11  0    0.280495    0.891380   48.118580       36.653137   11.465443   11.402232 2.552913     1.056479    1.050155    0.050409    1.000000
12  0    0.280515    0.891283   51.446981       38.965117   12.481864   12.412540 2.311980     1.016420    1.010308    0.050409    1.000000
13  0    0.280544    0.891260   54.757406       41.168373   13.589033   13.514082 2.203256     1.107169    1.101542    0.050409    1.000000
14  0    0.280575    0.891184   57.930723       43.288666   14.642057   14.561342 2.120294     1.053024    1.047260    0.050409    1.000000
15  0    0.280606    0.891143   61.038214       45.339448   15.698766   15.611143 2.050782     1.056709    1.049801    0.050409    1.000000
16  0    0.280638    0.891073   64.108024       47.368872   16.739152   16.645531 2.029424     1.040386    1.034388    0.050409    1.000000
17  0    0.280664    0.891022   67.123855       49.374028   17.749827   17.649310 2.005156     1.010675    1.003779    0.050409    1.000000
18  0    0.280680    0.891044   70.206442       51.360800   18.845641   18.739343 1.986772     1.095815    1.090033    0.050409    1.000000
19  0    0.280689    0.891094   73.228306       53.326294   19.902012   19.789928 1.965494     1.056371    1.050585    0.050409    1.000000
20  0    0.280710    0.891070   76.197575       55.255304   20.942271   20.824442 1.929010     1.040259    1.034514    0.050409    1.000000
21  0    0.280723    0.891041   79.175192       57.191524   21.983668   21.860171 1.936221     1.041396    1.035729    0.050409    1.000000
22  0    0.280744    0.891081   82.210083       59.121141   23.088942   22.959302 1.929617     1.105274    1.099131    0.050409    1.000000
23  0    0.280763    0.891053   85.234611       61.053151   24.181460   24.044924 1.932010     1.092517    1.085622    0.050409    1.000000
24  0    0.280783    0.891065   88.237293       62.997945   25.239348   25.096773 1.944793     1.057888    1.051849    0.050409    1.000000
25  0    0.280805    0.891060   91.255489       64.969570   26.285918   26.137154 1.971626     1.046570    1.040381    0.050409    1.000000
26  0    0.280828    0.891022   94.265667       66.924124   27.341544   27.187306 1.954553     1.055625    1.050152    0.050409    1.000000
27  0    0.280853    0.891053   97.237748       68.874730   28.363018   28.202604 1.950606     1.021474    1.015298    0.050409    1.000000
28  0    0.280879    0.891038   100.231555      70.798384   29.433172   29.266600 1.923654     1.070154    1.063996    0.050409    1.000000
29  0    0.280910    0.891025   103.191176      72.704498   30.486677   30.313959 1.906115     1.053506    1.047359    0.050409    1.000000
30  0    0.280934    0.891024   106.223265      74.626546   31.596719   31.418127 1.922047     1.110042    1.104167    0.050409    1.000000
31  0    0.280969    0.891026   109.177281      76.559235   32.618045   32.433119 1.932690     1.021326    1.014992    0.050409    1.000000
32  0    0.280992    0.891010   112.189354      78.484448   33.704906   33.513479 1.925213     1.086861    1.080360    0.050409    1.000000
33  0    0.281028    0.890985   115.128117      80.401939   34.726178   34.528694 1.917491     1.021272    1.015214    0.050409    1.000000
34  0    0.281051    0.890964   118.039612      82.279804   35.759808   35.555848 1.877864     1.033630    1.027154    0.050409    1.000000
35  0    0.281087    0.890956   120.960246      84.136379   36.823867   36.613069 1.856575     1.064059    1.057220    0.050409    1.000000
36  0    0.281104    0.890949   123.911750      86.064857   37.846893   37.629301 1.928477     1.023027    1.016232    0.050409    1.000000
37  0    0.281131    0.890978   126.816633      87.937354   38.879279   38.655219 1.872497     1.032386    1.025919    0.050409    1.000000
38  0    0.281144    0.890969   129.532260      89.569724   39.962536   39.732384 1.632370     1.083257    1.077165    0.050409    1.000000
39  0    0.281173    0.890958   132.433622      91.459779   40.973842   40.737046 1.890055     1.011307    1.004662    0.050409    1.000000
40  0    0.281195    0.890950   135.150987      93.127422   42.023566   41.781255 1.667642     1.049723    1.044209    0.050409    1.000000
41  0    0.281211    0.890938   137.898118      94.818954   43.079164   42.831675 1.691533     1.055598    1.050421    0.050409    1.000000
42  0    0.281233    0.890943   140.668568      96.496924   44.171644   43.917974 1.677970     1.092480    1.086299    0.050409    1.000000
43  0    0.281258    0.890935   143.273551      98.098625   45.174926   44.915371 1.601701     1.003283    0.997397    0.050409    1.000000
44  0    0.281271    0.890949   146.082537      99.857222   46.225315   45.959743 1.758598     1.050388    1.044372    0.050409    1.000000
45  0    0.281296    0.890931   148.605377     101.287851   47.317525   47.045761 1.430629     1.092210    1.086018    0.050409    1.000000
46  0    0.281306    0.890953   151.403318     103.042812   48.360506   48.083032 1.754961     1.042981    1.037271    0.050409    1.000000
47  0    0.281333    0.890949   153.975712     104.574361   49.401351   49.117827 1.531549     1.040845    1.034795    0.050409    1.000000
48  0    0.281355    0.890943   156.732837     106.274309   50.458528   50.169500 1.699949     1.057177    1.051673    0.050409    1.000000
49  0    0.281369    0.890957   159.480472     107.979032   51.501440   51.206289 1.704722     1.042913    1.036789    0.050409    1.000000
50  0    0.281392    0.890960   162.334012     109.739109   52.594902   52.293822 1.760078     1.093462    1.087533    0.050409    1.000000
total average training time is: 216.646

total average update time is: 109.739

total average wait time is: 52.5949

total average synchronization time is: 52.2938

Total train time is 226.791 second.
