dim=1163024
procnum = 64,synchronize!!!
Max Iterations = 50
#   RANK ObjectValue Accuracy   SumIterTime   SumUpdaTime SumWaitTime  SumSynTime AvUpdaTime   AvWaitTime  AvSynTime   SparseRatio Rho 
1   0    0.358213    0.887810   1.147544         0.014072    1.133472    0.987325 0.014072     1.133472    0.987325    0.050409    1.000000
2   0    0.302495    0.889299   3.797397         1.450905    2.346492    2.056733 1.436834     1.213019    1.069408    0.050409    1.000000
3   0    0.288467    0.890032   6.637585         3.137884    3.499701    3.074718 1.686978     1.153210    1.017985    0.050409    1.000000
4   0    0.283949    0.890575   10.051747        5.421280    4.630467    4.064512 2.283396     1.130765    0.989794    0.050409    1.000000
5   0    0.282201    0.890862   14.182242        8.338199    5.844043    5.116852 2.916919     1.213576    1.052340    0.050409    1.000000
6   0    0.281396    0.891101   18.475437       11.431836    7.043601    6.183523 3.093637     1.199558    1.066672    0.050409    1.000000
7   0    0.280979    0.891326   22.757873       14.567473    8.190400    7.179258 3.135638     1.146798    0.995735    0.050409    1.000000
8   0    0.280740    0.891355   27.098242       17.734861    9.363381    8.209931 3.167388     1.172981    1.030672    0.050409    1.000000
9   0    0.280620    0.891311   31.492229       20.914718   10.577512    9.249821 3.179856     1.214131    1.039890    0.050409    1.000000
10  0    0.280582    0.891296   35.750737       24.016011   11.734725   10.242951 3.101294     1.157214    0.993130    0.050409    1.000000
11  0    0.280585    0.891291   39.945928       27.049218   12.896710   11.245043 3.033206     1.161985    1.002092    0.050409    1.000000
12  0    0.280613    0.891252   44.100622       30.015067   14.085555   12.293665 2.965849     1.188844    1.048622    0.050409    1.000000
13  0    0.280641    0.891270   48.047654       32.769863   15.277792   13.341353 2.754795     1.192237    1.047688    0.050409    1.000000
14  0    0.280667    0.891185   51.736190       35.261678   16.474512   14.367028 2.491816     1.196720    1.025675    0.050409    1.000000
15  0    0.280690    0.891181   55.281159       37.656301   17.624858   15.373139 2.394622     1.150347    1.006110    0.050409    1.000000
16  0    0.280710    0.891132   58.803748       39.966150   18.837599   16.444038 2.309849     1.212740    1.070899    0.050409    1.000000
17  0    0.280726    0.891072   62.179035       42.192491   19.986544   17.453677 2.226342     1.148945    1.009639    0.050409    1.000000
18  0    0.280739    0.891041   65.566403       44.382341   21.184062   18.512891 2.189850     1.197518    1.059214    0.050409    1.000000
19  0    0.280748    0.891041   68.866557       46.520462   22.346095   19.529297 2.138121     1.162033    1.016405    0.050409    1.000000
20  0    0.280763    0.891073   72.249334       48.658846   23.590488   20.637425 2.138384     1.244393    1.108129    0.050409    1.000000
21  0    0.280777    0.891084   75.539195       50.778164   24.761032   21.672617 2.119318     1.170543    1.035192    0.050409    1.000000
22  0    0.280782    0.891064   78.882026       52.918207   25.963819   22.688743 2.140044     1.202787    1.016125    0.050409    1.000000
23  0    0.280801    0.891072   82.217796       55.056234   27.161562   23.743557 2.138027     1.197743    1.054815    0.050409    1.000000
24  0    0.280812    0.891069   85.551803       57.190917   28.360886   24.805813 2.134683     1.199324    1.062256    0.050409    1.000000
25  0    0.280828    0.891066   88.902196       59.346489   29.555708   25.844719 2.155572     1.194822    1.038906    0.050409    1.000000
26  0    0.280845    0.891058   92.298606       61.533242   30.765364   26.905458 2.186753     1.209657    1.060738    0.050409    1.000000
27  0    0.280865    0.891088   95.692013       63.719947   31.972066   27.965391 2.186705     1.206702    1.059933    0.050409    1.000000
28  0    0.280883    0.891069   98.967728       65.837228   33.130500   28.982675 2.117281     1.158434    1.017284    0.050409    1.000000
29  0    0.280895    0.891080   102.233367      67.937913   34.295454   30.008476 2.100685     1.164954    1.025801    0.050409    1.000000
30  0    0.280917    0.891033   105.519052      70.031720   35.487331   31.040114 2.093807     1.191878    1.031638    0.050409    1.000000
31  0    0.280932    0.891004   108.829177      72.143458   36.685718   32.093367 2.111738     1.198387    1.053254    0.050409    1.000000
32  0    0.280959    0.891021   112.098216      74.215680   37.882536   33.150811 2.072222     1.196817    1.057444    0.050409    1.000000
33  0    0.280973    0.891032   115.342639      76.258330   39.084309   34.212792 2.042650     1.201773    1.061981    0.050409    1.000000
34  0    0.281003    0.891034   118.613383      78.301045   40.312337   35.304558 2.042715     1.228029    1.091766    0.050409    1.000000
35  0    0.281017    0.891026   121.856718      80.378409   41.478308   36.332142 2.077364     1.165971    1.027584    0.050409    1.000000
36  0    0.281048    0.891004   125.094260      82.449260   42.645001   37.352926 2.070850     1.166692    1.020784    0.050409    1.000000
37  0    0.281062    0.891016   128.372779      84.483011   43.889768   38.455427 2.033751     1.244768    1.102501    0.050409    1.000000
38  0    0.281089    0.891000   131.630343      86.538012   45.092331   39.519955 2.055001     1.202562    1.064528    0.050409    1.000000
39  0    0.281104    0.890976   135.007945      88.659245   46.348700   40.636378 2.121233     1.256369    1.116423    0.050409    1.000000
40  0    0.281130    0.890965   138.288781      90.726903   47.561878   41.709473 2.067658     1.213178    1.073096    0.050409    1.000000
41  0    0.281140    0.890960   141.439270      92.656246   48.783024   42.766003 1.929343     1.221146    1.056529    0.050409    1.000000
42  0    0.281165    0.890948   144.777872      94.737926   50.039946   43.853620 2.081680     1.256921    1.087618    0.050409    1.000000
43  0    0.281193    0.890933   147.857075      96.642779   51.214296   44.873612 1.904853     1.174350    1.019992    0.050409    1.000000
44  0    0.281202    0.890934   150.779742      98.408496   52.371246   45.889047 1.765717     1.156950    1.015435    0.050409    1.000000
45  0    0.281228    0.890935   153.835390     100.256402   53.578988   46.946108 1.847906     1.207742    1.057061    0.050409    1.000000
46  0    0.281256    0.890942   156.676472     101.820297   54.856174   48.071464 1.563896     1.277186    1.125356    0.050409    1.000000
47  0    0.281265    0.890941   159.703147     103.608038   56.095109   49.165179 1.787740     1.238935    1.093715    0.050409    1.000000
48  0    0.281291    0.890946   162.517204     105.285193   57.232011   50.154999 1.677155     1.136902    0.989820    0.050409    1.000000
49  0    0.281305    0.890950   165.642863     107.251257   58.391607   51.177537 1.966064     1.159596    1.022538    0.050409    1.000000
50  0    0.281328    0.890981   168.616397     108.957340   59.659057   52.304785 1.706084     1.267450    1.127248    0.050409    1.000000
total average training time is: 216.84

total average update time is: 108.957

total average wait time is: 59.6591

total average synchronization time is: 52.3048

Total train time is 219.973 second.
