dim=1163024
procnum = 64,synchronize!!!
Max Iterations = 50
#   RANK ObjectValue Accuracy   SumIterTime   SumUpdaTime SumWaitTime  SumSynTime AvUpdaTime   AvWaitTime  AvSynTime   SparseRatio Rho 
1   0    0.358213    0.887810   1.168395         0.014066    1.154329    1.002838 0.014066     1.154329    1.002838    0.050409    1.000000
2   0    0.302473    0.889300   3.835085         1.458256    2.376829    2.083581 1.444190     1.222500    1.080744    0.050409    1.000000
3   0    0.288452    0.890058   6.779387         3.178757    3.600630    3.166816 1.720500     1.223801    1.083235    0.050409    1.000000
4   0    0.283926    0.890567   10.278356        5.426730    4.851626    4.250728 2.247973     1.250996    1.083912    0.050409    1.000000
5   0    0.282214    0.890851   14.371532        8.338003    6.033529    5.289022 2.911273     1.181902    1.038294    0.050409    1.000000
6   0    0.281398    0.891107   18.701539       11.398492    7.303047    6.393011 3.060489     1.269518    1.103989    0.050409    1.000000
7   0    0.281046    0.891299   23.088562       14.531101    8.557461    7.490437 3.132610     1.254414    1.097426    0.050409    1.000000
8   0    0.280835    0.891342   27.418901       17.661674    9.757228    8.541825 3.130572     1.199767    1.051387    0.050409    1.000000
9   0    0.280734    0.891278   31.782146       20.798178   10.983968    9.604822 3.136504     1.226741    1.062998    0.050409    1.000000
10  0    0.280662    0.891255   36.018520       23.890472   12.128049   10.588262 3.092294     1.144081    0.983440    0.050409    1.000000
11  0    0.280635    0.891279   40.270020       26.923725   13.346295   11.653255 3.033253     1.218247    1.064993    0.050409    1.000000
12  0    0.280691    0.891241   44.416779       29.888480   14.528300   12.691966 2.964755     1.182004    1.038711    0.050409    1.000000
13  0    0.280746    0.891227   48.355555       32.656534   15.699021   13.712881 2.768054     1.170722    1.020914    0.050409    1.000000
14  0    0.280773    0.891183   52.180011       35.302440   16.877571   14.742380 2.645907     1.178549    1.029500    0.050409    1.000000
15  0    0.280843    0.891128   55.918529       37.860207   18.058322   15.783678 2.557767     1.180752    1.041298    0.050409    1.000000
16  0    0.280840    0.891078   59.676052       40.386450   19.289602   16.864164 2.526243     1.231280    1.080486    0.050409    1.000000
17  0    0.280860    0.891037   63.308165       42.817020   20.491145   17.903756 2.430570     1.201543    1.039591    0.050409    1.000000
18  0    0.280869    0.891013   66.922749       45.231952   21.690797   18.927011 2.414932     1.199653    1.023255    0.050409    1.000000
19  0    0.280880    0.890985   70.589080       47.643551   22.945529   20.024814 2.411599     1.254732    1.097804    0.050409    1.000000
20  0    0.280900    0.891005   74.207458       50.052538   24.154920   21.090378 2.408987     1.209391    1.065564    0.050409    1.000000
21  0    0.280909    0.890996   77.749880       52.435071   25.314809   22.102793 2.382533     1.159889    1.012415    0.050409    1.000000
22  0    0.280919    0.891013   81.372800       54.826006   26.546794   23.191182 2.390934     1.231985    1.088389    0.050409    1.000000
23  0    0.280935    0.890984   84.926129       57.230550   27.695580   24.192672 2.404544     1.148785    1.001490    0.050409    1.000000
24  0    0.280939    0.890993   88.458438       59.601281   28.857158   25.204585 2.370731     1.161578    1.011913    0.050409    1.000000
25  0    0.281006    0.890968   92.066187       62.069855   29.996332   26.202496 2.468574     1.139174    0.997911    0.050409    1.000000
26  0    0.281019    0.890994   95.702807       64.501023   31.201785   27.266267 2.431168     1.205452    1.063771    0.050409    1.000000
27  0    0.281034    0.891010   99.269180       66.863252   32.405928   28.316512 2.362229     1.204144    1.050245    0.050409    1.000000
28  0    0.281072    0.890962   102.916925      69.273103   33.643822   29.400955 2.409851     1.237894    1.084443    0.050409    1.000000
29  0    0.281086    0.890976   106.577734      71.687598   34.890135   30.466605 2.414495     1.246314    1.065649    0.050409    1.000000
30  0    0.281109    0.890968   110.060308      73.996880   36.063428   31.493605 2.309282     1.173293    1.027000    0.050409    1.000000
31  0    0.281110    0.890954   113.593905      76.299185   37.294720   32.565785 2.302305     1.231292    1.072180    0.050409    1.000000
32  0    0.281136    0.890946   117.165101      78.654260   38.510841   33.638449 2.355075     1.216121    1.072665    0.050409    1.000000
33  0    0.281146    0.890933   120.827269      81.069095   39.758175   34.736217 2.414835     1.247333    1.097768    0.050409    1.000000
34  0    0.281164    0.890946   124.404368      83.427400   40.976967   35.779579 2.358305     1.218793    1.043362    0.050409    1.000000
35  0    0.281196    0.890927   127.941865      85.716862   42.225004   36.883328 2.289462     1.248036    1.103750    0.050409    1.000000
36  0    0.281176    0.890931   131.470394      87.986591   43.483804   37.973838 2.269729     1.258800    1.090510    0.050409    1.000000
37  0    0.281166    0.890914   135.044037      90.311285   44.732752   39.082519 2.324694     1.248948    1.108680    0.050409    1.000000
38  0    0.281117    0.890958   138.481521      92.557314   45.924207   40.125189 2.246029     1.191455    1.042670    0.050409    1.000000
39  0    0.281109    0.890954   142.148153      95.031703   47.116450   41.178888 2.474389     1.192243    1.053699    0.050409    1.000000
40  0    0.281120    0.890893   145.852016      97.510514   48.341502   42.262886 2.478811     1.225052    1.083999    0.050409    1.000000
41  0    0.281159    0.890866   149.012192      99.417612   49.594580   43.355106 1.907098     1.253078    1.092220    0.050409    1.000000
42  0    0.281646    0.890650   152.292884     101.474494   50.818390   44.437630 2.056883     1.223810    1.082524    0.050409    1.000000
43  0    0.281416    0.890867   156.165078     104.081710   52.083368   45.532747 2.607216     1.264978    1.095117    0.050409    1.000000
44  0    0.281510    0.890873   159.836631     106.572123   53.264508   46.566162 2.490413     1.181140    1.033416    0.050409    1.000000
45  0    0.281860    0.890698   164.101029     109.609180   54.491849   47.626700 3.037057     1.227341    1.060538    0.050409    1.000000
46  0    0.282496    0.890430   168.730122     113.019365   55.710757   48.698384 3.410186     1.218908    1.071684    0.050409    1.000000
47  0    0.283293    0.890020   173.185986     116.330227   56.855758   49.703875 3.310862     1.145002    1.005490    0.050409    1.000000
48  0    0.284220    0.889669   177.730227     119.675783   58.054444   50.757985 3.345555     1.198686    1.054111    0.050409    1.000000
49  0    0.285203    0.889182   182.248602     122.922772   59.325830   51.855158 3.246989     1.271386    1.097173    0.050409    1.000000
50  0    0.286173    0.888711   186.504592     125.968431   60.536160   52.919387 3.045659     1.210330    1.064229    0.050409    1.000000
total average training time is: 234.969

total average update time is: 125.968

total average wait time is: 60.5362

total average synchronization time is: 52.9194

Total train time is 238.117 second.
