dim=47236
procnum=8,synchronize!!!
#   RANK TRONIter-k  CG-time    HvIter-k             Hv-time   Update-time ObjectValue Problem    Gradient   Diagonal   Comm-time  
1   0    6           0.719266   4  5  5  4  5  0  0  0.707803  1.089812    0.693147    0.018574   0.017628   0.017640   0.012638   
1   1    6           0.730034   4  5  5  4  5  0  0  0.718357  1.100582    0.000000    0.018471   0.017583   0.017776   0.012638   
1   4    6           0.676716   4  5  5  4  5  0  0  0.666068  1.022331    0.000000    0.017381   0.016462   0.016418   0.012638   
1   6    6           0.731948   4  5  5  4  5  0  0  0.720140  1.090920    0.000000    0.017586   0.017527   0.018163   0.012638   
1   7    6           0.737431   4  5  5  4  5  0  0  0.725478  1.094785    0.000000    0.017452   0.017457   0.018111   0.012638   
1   5    6           0.660631   4  5  5  4  5  0  0  0.650143  0.999986    0.000000    0.017383   0.016088   0.016501   0.012638   
1   2    6           0.596819   4  5  5  4  5  0  0  0.588075  0.903200    0.000000    0.015477   0.014434   0.014491   0.012638   
1   3    6           0.608661   4  5  5  4  5  0  0  0.599723  0.913870    0.000000    0.015421   0.014338   0.014329   0.012638   
2   0    4           0.467120   5  4  6  0  0  0  0  0.460190  0.732369    0.693147    0.018187   0.018012   0.018359   0.009812   
2   1    4           0.471819   5  4  6  0  0  0  0  0.464761  0.735988    0.000000    0.018352   0.018046   0.017951   0.009812   
2   2    4           0.386915   5  4  6  0  0  0  0  0.381090  0.611329    0.000000    0.015721   0.014937   0.014681   0.009812   
2   3    4           0.384504   5  4  6  0  0  0  0  0.378782  0.610795    0.000000    0.016966   0.014551   0.014372   0.009812   
2   4    4           0.448897   5  4  6  0  0  0  0  0.442352  0.694735    0.000000    0.017452   0.017150   0.016483   0.009812   
2   5    4           0.435142   5  4  6  0  0  0  0  0.428514  0.675866    0.000000    0.016919   0.016817   0.016387   0.009812   
2   6    4           0.495869   5  4  6  0  0  0  0  0.488566  0.753125    0.000000    0.017234   0.018574   0.018529   0.009812   
2   7    4           0.489353   5  4  6  0  0  0  0  0.482078  0.741840    0.000000    0.017136   0.017881   0.018196   0.009812   
3   6    4           0.483823   4  5  6  0  0  0  0  0.476583  0.737633    0.000000    0.017550   0.017720   0.018458   0.011509   
3   0    4           0.471343   4  5  6  0  0  0  0  0.464195  0.734875    0.693147    0.018178   0.018130   0.017970   0.011509   
3   1    4           0.474617   4  5  6  0  0  0  0  0.467606  0.739432    0.000000    0.018733   0.018207   0.017919   0.011509   
3   4    4           0.441624   4  5  6  0  0  0  0  0.435030  0.685560    0.000000    0.017502   0.016452   0.016732   0.011509   
3   7    4           0.477235   4  5  6  0  0  0  0  0.470176  0.733378    0.000000    0.017511   0.018194   0.018438   0.011509   
3   2    4           0.394428   4  5  6  0  0  0  0  0.388517  0.616097    0.000000    0.015461   0.014695   0.015482   0.011509   
3   5    4           0.433783   4  5  6  0  0  0  0  0.427477  0.672371    0.000000    0.017101   0.016439   0.016067   0.011509   
3   3    4           0.386657   4  5  6  0  0  0  0  0.380821  0.602909    0.000000    0.015393   0.014535   0.014583   0.011509   
4   0    3           0.281704   4  5  0  0  0  0  0  0.277343  0.489292    0.693147    0.018645   0.017694   0.018116   0.011260   
4   1    3           0.283377   4  5  0  0  0  0  0  0.278951  0.491035    0.000000    0.018740   0.017911   0.017988   0.011260   
4   2    3           0.232528   4  5  0  0  0  0  0  0.228858  0.405758    0.000000    0.015442   0.014658   0.014668   0.011260   
4   6    3           0.286220   4  5  0  0  0  0  0  0.281709  0.486423    0.000000    0.017512   0.017859   0.018554   0.011260   
4   3    3           0.230738   4  5  0  0  0  0  0  0.227185  0.403751    0.000000    0.015399   0.014710   0.014599   0.011260   
4   4    3           0.258722   4  5  0  0  0  0  0  0.254640  0.452564    0.000000    0.017654   0.016554   0.016358   0.011260   
4   7    3           0.284641   4  5  0  0  0  0  0  0.280137  0.485274    0.000000    0.017347   0.017889   0.018757   0.011260   
4   5    3           0.260153   4  5  0  0  0  0  0  0.256018  0.452661    0.000000    0.017499   0.016345   0.016704   0.011260   
5   0    3           0.283403   4  5  0  0  0  0  0  0.278913  0.495393    0.693147    0.018720   0.018722   0.018061   0.010513   
5   1    3           0.289671   4  5  0  0  0  0  0  0.285150  0.498264    0.000000    0.018834   0.018030   0.017997   0.010513   
5   4    3           0.264769   4  5  0  0  0  0  0  0.260577  0.457959    0.000000    0.017635   0.016815   0.016591   0.010513   
5   2    3           0.237696   4  5  0  0  0  0  0  0.233948  0.410869    0.000000    0.015456   0.014411   0.015290   0.010513   
5   5    3           0.260911   4  5  0  0  0  0  0  0.256989  0.448436    0.000000    0.017209   0.016248   0.016152   0.010513   
5   3    3           0.232719   4  5  0  0  0  0  0  0.229102  0.402939    0.000000    0.015392   0.014295   0.014539   0.010513   
5   6    3           0.287089   4  5  0  0  0  0  0  0.282618  0.487961    0.000000    0.017576   0.017973   0.018600   0.010513   
5   7    3           0.286916   4  5  0  0  0  0  0  0.282456  0.486774    0.000000    0.017468   0.017982   0.018430   0.010513   
6   0    3           0.287844   4  5  0  0  0  0  0  0.283383  0.496885    0.693147    0.018364   0.018051   0.018427   0.009612   
6   1    3           0.282589   4  5  0  0  0  0  0  0.278124  0.492704    0.000000    0.018871   0.018049   0.018335   0.009612   
6   2    3           0.236714   4  5  0  0  0  0  0  0.233013  0.409756    0.000000    0.015441   0.014700   0.014697   0.009612   
6   6    3           0.285485   4  5  0  0  0  0  0  0.280957  0.486246    0.000000    0.017663   0.017971   0.018480   0.009612   
6   3    3           0.233360   4  5  0  0  0  0  0  0.229717  0.405066    0.000000    0.015415   0.014441   0.014580   0.009612   
6   4    3           0.265629   4  5  0  0  0  0  0  0.261362  0.458291    0.000000    0.017655   0.016455   0.016908   0.009612   
6   7    3           0.283954   4  5  0  0  0  0  0  0.279490  0.484782    0.000000    0.017807   0.017686   0.018776   0.009612   
6   5    3           0.258831   4  5  0  0  0  0  0  0.254951  0.446404    0.000000    0.017283   0.016232   0.016195   0.009612   
7   6    3           0.286166   4  5  0  0  0  0  0  0.281735  0.486341    0.000000    0.017622   0.017848   0.018672   0.010464   
7   0    3           0.283675   4  5  0  0  0  0  0  0.279144  0.492507    0.693147    0.018363   0.018080   0.018123   0.010464   
7   1    3           0.283241   4  5  0  0  0  0  0  0.278767  0.494413    0.000000    0.018736   0.018384   0.018283   0.010464   
7   4    3           0.257088   4  5  0  0  0  0  0  0.253005  0.450654    0.000000    0.017599   0.016506   0.016682   0.010464   
7   7    3           0.284863   4  5  0  0  0  0  0  0.280454  0.483948    0.000000    0.017548   0.017727   0.018526   0.010464   
7   5    3           0.258081   4  5  0  0  0  0  0  0.254069  0.450770    0.000000    0.017240   0.016507   0.016950   0.010464   
7   2    3           0.232579   4  5  0  0  0  0  0  0.228906  0.405702    0.000000    0.015432   0.014548   0.014732   0.010464   
7   3    3           0.230680   4  5  0  0  0  0  0  0.227171  0.403318    0.000000    0.015401   0.014601   0.014546   0.010464   
8   0    3           0.256734   3  5  0  0  0  0  0  0.252656  0.465787    0.693147    0.018279   0.018050   0.018174   0.010400   
8   1    3           0.254808   3  5  0  0  0  0  0  0.250875  0.465912    0.000000    0.018875   0.018145   0.018325   0.010400   
8   4    3           0.236719   3  5  0  0  0  0  0  0.232867  0.430719    0.000000    0.017665   0.016965   0.016504   0.010400   
8   6    3           0.253880   3  5  0  0  0  0  0  0.249399  0.455428    0.000000    0.017847   0.017910   0.018537   0.010400   
8   2    3           0.209478   3  5  0  0  0  0  0  0.206100  0.381433    0.000000    0.015473   0.014345   0.014673   0.010400   
8   5    3           0.227713   3  5  0  0  0  0  0  0.223968  0.419031    0.000000    0.017274   0.016837   0.016498   0.010400   
8   3    3           0.206756   3  5  0  0  0  0  0  0.203451  0.377835    0.000000    0.015446   0.014264   0.014540   0.010400   
8   7    3           0.253833   3  5  0  0  0  0  0  0.249401  0.455460    0.000000    0.017824   0.017795   0.018636   0.010400   
9   0    3           0.254278   3  5  0  0  0  0  0  0.250108  0.463445    0.693147    0.018543   0.017917   0.018242   0.009284   
9   1    3           0.251459   3  5  0  0  0  0  0  0.247376  0.462691    0.000000    0.018913   0.018389   0.018055   0.009284   
9   2    3           0.211496   3  5  0  0  0  0  0  0.208113  0.384252    0.000000    0.015488   0.014507   0.014885   0.009284   
9   3    3           0.207203   3  5  0  0  0  0  0  0.203847  0.378690    0.000000    0.015471   0.014373   0.014638   0.009284   
9   4    3           0.236471   3  5  0  0  0  0  0  0.232764  0.432613    0.000000    0.017764   0.017694   0.017336   0.009284   
9   5    3           0.225723   3  5  0  0  0  0  0  0.222062  0.417446    0.000000    0.017351   0.017450   0.016790   0.009284   
9   6    3           0.264212   3  5  0  0  0  0  0  0.259982  0.464762    0.000000    0.017662   0.018128   0.018654   0.009284   
9   7    3           0.257895   3  5  0  0  0  0  0  0.253718  0.456607    0.000000    0.017604   0.017754   0.018571   0.009284   
10  0    3           0.254566   3  5  0  0  0  0  0  0.250464  0.462539    0.693147    0.018439   0.017970   0.018078   0.010394   
10  1    3           0.259170   3  5  0  0  0  0  0  0.255060  0.469443    0.000000    0.018977   0.017957   0.018395   0.010394   
10  4    3           0.237133   3  5  0  0  0  0  0  0.233249  0.430359    0.000000    0.017640   0.016498   0.016902   0.010394   
10  5    3           0.228302   3  5  0  0  0  0  0  0.224577  0.419796    0.000000    0.017305   0.016458   0.016979   0.010394   
10  6    3           0.264373   3  5  0  0  0  0  0  0.260242  0.465752    0.000000    0.017608   0.018312   0.018674   0.010394   
10  2    3           0.210454   3  5  0  0  0  0  0  0.207069  0.384221    0.000000    0.015462   0.014591   0.014777   0.010394   
10  3    3           0.209405   3  5  0  0  0  0  0  0.206057  0.382316    0.000000    0.015436   0.014426   0.014731   0.010394   
10  7    3           0.259902   3  5  0  0  0  0  0  0.255723  0.459592    0.000000    0.017622   0.017722   0.018797   0.010394   
11  0    3           0.256778   3  5  0  0  0  0  0  0.252654  0.467309    0.693147    0.018583   0.017824   0.018829   0.010325   
11  1    3           0.261477   3  5  0  0  0  0  0  0.257356  0.472656    0.000000    0.018878   0.018519   0.018061   0.010325   
11  2    3           0.206263   3  5  0  0  0  0  0  0.202756  0.380635    0.000000    0.015452   0.014642   0.014790   0.010325   
11  3    3           0.206410   3  5  0  0  0  0  0  0.203011  0.380550    0.000000    0.015429   0.014478   0.014909   0.010325   
11  4    3           0.232424   3  5  0  0  0  0  0  0.228634  0.428362    0.000000    0.017398   0.016781   0.017198   0.010325   
11  6    3           0.254852   3  5  0  0  0  0  0  0.250747  0.455285    0.000000    0.017629   0.017776   0.018855   0.010325   
11  5    3           0.230112   3  5  0  0  0  0  0  0.226382  0.425410    0.000000    0.017318   0.016608   0.017564   0.010325   
11  7    3           0.253044   3  5  0  0  0  0  0  0.248959  0.452892    0.000000    0.017444   0.018123   0.018385   0.010325   
12  0    3           0.255709   3  5  0  0  0  0  0  0.251687  0.465123    0.693147    0.018400   0.017893   0.018775   0.010326   
12  1    3           0.260753   3  5  0  0  0  0  0  0.256678  0.474234    0.000000    0.019014   0.018796   0.018482   0.010326   
12  2    3           0.207794   3  5  0  0  0  0  0  0.204456  0.380547    0.000000    0.015483   0.014349   0.014852   0.010326   
12  3    3           0.204924   3  5  0  0  0  0  0  0.201651  0.377123    0.000000    0.015491   0.014378   0.014564   0.010326   
12  4    3           0.240889   3  5  0  0  0  0  0  0.237015  0.434889    0.000000    0.017496   0.016777   0.016717   0.010326   
12  5    3           0.230395   3  5  0  0  0  0  0  0.226619  0.422630    0.000000    0.017321   0.016769   0.016610   0.010326   
12  6    3           0.264649   3  5  0  0  0  0  0  0.260411  0.466477    0.000000    0.018266   0.017948   0.018702   0.010326   
12  7    3           0.258763   3  5  0  0  0  0  0  0.254590  0.457783    0.000000    0.017648   0.017589   0.018692   0.010326   
13  0    3           0.253946   3  5  0  0  0  0  0  0.249766  0.466456    0.693147    0.018680   0.018004   0.018783   0.009940   
13  1    3           0.260147   3  5  0  0  0  0  0  0.255930  0.473084    0.000000    0.018821   0.018596   0.018408   0.009940   
13  2    3           0.207058   3  5  0  0  0  0  0  0.203767  0.380402    0.000000    0.015500   0.014449   0.014735   0.009940   
13  4    3           0.240226   3  5  0  0  0  0  0  0.236332  0.434846    0.000000    0.017750   0.016546   0.016842   0.009940   
13  3    3           0.205850   3  5  0  0  0  0  0  0.202622  0.378984    0.000000    0.015470   0.014408   0.014701   0.009940   
13  5    3           0.231320   3  5  0  0  0  0  0  0.227484  0.423946    0.000000    0.017350   0.016506   0.016784   0.009940   
13  6    3           0.255946   3  5  0  0  0  0  0  0.251827  0.456715    0.000000    0.017877   0.017776   0.018655   0.009940   
13  7    3           0.255728   3  5  0  0  0  0  0  0.251615  0.455691    0.000000    0.017754   0.017762   0.018462   0.009940   
14  0    3           0.252022   3  5  0  0  0  0  0  0.247942  0.463918    0.693147    0.018425   0.018035   0.018963   0.009929   
14  1    3           0.252713   3  5  0  0  0  0  0  0.248589  0.463975    0.000000    0.018667   0.017936   0.018766   0.009929   
14  2    3           0.211115   3  5  0  0  0  0  0  0.207708  0.383627    0.000000    0.015482   0.014464   0.014821   0.009929   
14  4    3           0.239408   3  5  0  0  0  0  0  0.235590  0.436089    0.000000    0.017823   0.016819   0.017542   0.009929   
14  3    3           0.206576   3  5  0  0  0  0  0  0.203183  0.377545    0.000000    0.015442   0.014249   0.014602   0.009929   
14  6    3           0.254527   3  5  0  0  0  0  0  0.250451  0.454012    0.000000    0.017712   0.017928   0.018304   0.009929   
14  5    3           0.229597   3  5  0  0  0  0  0  0.225740  0.422650    0.000000    0.017210   0.016844   0.017059   0.009929   
14  7    3           0.254251   3  5  0  0  0  0  0  0.250199  0.452887    0.000000    0.017657   0.017663   0.018352   0.009929   
15  0    3           0.256944   3  5  0  0  0  0  0  0.252887  0.468536    0.693147    0.018905   0.018082   0.018526   0.010374   
15  1    3           0.260651   3  5  0  0  0  0  0  0.256456  0.474137    0.000000    0.019252   0.018560   0.018360   0.010374   
15  4    3           0.237000   3  5  0  0  0  0  0  0.233155  0.432244    0.000000    0.017673   0.016609   0.016874   0.010374   
15  2    3           0.210702   3  5  0  0  0  0  0  0.207311  0.383983    0.000000    0.015426   0.014647   0.014780   0.010374   
15  3    3           0.206848   3  5  0  0  0  0  0  0.203474  0.379091    0.000000    0.015403   0.014527   0.014573   0.010374   
15  5    3           0.229804   3  5  0  0  0  0  0  0.226199  0.426348    0.000000    0.017297   0.016984   0.017399   0.010374   
15  6    3           0.256734   3  5  0  0  0  0  0  0.252579  0.456953    0.000000    0.017518   0.018134   0.018412   0.010374   
15  7    3           0.258128   3  5  0  0  0  0  0  0.253942  0.457310    0.000000    0.017463   0.017732   0.018519   0.010374   
16  0    3           0.255106   3  5  0  0  0  0  0  0.251054  0.469842    0.693147    0.018630   0.018674   0.018844   0.009948   
16  1    3           0.257072   3  5  0  0  0  0  0  0.252906  0.469586    0.000000    0.019044   0.018048   0.018635   0.009948   
16  4    3           0.241090   3  5  0  0  0  0  0  0.237262  0.444399    0.000000    0.018255   0.017104   0.017828   0.009948   
16  2    3           0.206749   3  5  0  0  0  0  0  0.203429  0.380342    0.000000    0.015404   0.014508   0.014717   0.009948   
16  5    3           0.231867   3  5  0  0  0  0  0  0.228090  0.426573    0.000000    0.017291   0.016431   0.017435   0.009948   
16  3    3           0.206076   3  5  0  0  0  0  0  0.202754  0.379144    0.000000    0.015345   0.014424   0.014661   0.009948   
16  6    3           0.254209   3  5  0  0  0  0  0  0.250122  0.453854    0.000000    0.017666   0.017880   0.018380   0.009948   
16  7    3           0.253572   3  5  0  0  0  0  0  0.249449  0.452997    0.000000    0.017589   0.017651   0.018572   0.009948   
17  6    3           0.259811   3  5  0  0  0  0  0  0.255409  0.458614    0.000000    0.017631   0.017684   0.018561   0.009919   
17  0    3           0.257072   3  5  0  0  0  0  0  0.252857  0.468396    0.693147    0.018595   0.018386   0.018071   0.009919   
17  1    3           0.258036   3  5  0  0  0  0  0  0.253812  0.471909    0.000000    0.019170   0.018251   0.018734   0.009919   
17  4    3           0.260042   3  5  0  0  0  0  0  0.255973  0.469728    0.000000    0.019616   0.017651   0.018119   0.009919   
17  7    3           0.256531   3  5  0  0  0  0  0  0.252262  0.457125    0.000000    0.017471   0.017663   0.019204   0.009919   
17  5    3           0.248199   3  5  0  0  0  0  0  0.244224  0.453820    0.000000    0.018155   0.017801   0.018156   0.009919   
17  2    3           0.206861   3  5  0  0  0  0  0  0.203498  0.379578    0.000000    0.015383   0.014430   0.014729   0.009919   
17  3    3           0.204681   3  5  0  0  0  0  0  0.201400  0.376942    0.000000    0.015332   0.014414   0.014669   0.009919   
18  0    3           0.255520   3  5  0  0  0  0  0  0.251450  0.465140    0.693147    0.018486   0.018035   0.018164   0.010051   
18  1    3           0.259079   3  5  0  0  0  0  0  0.255015  0.470739    0.000000    0.018742   0.018168   0.018514   0.010051   
18  2    3           0.206025   3  5  0  0  0  0  0  0.202727  0.379110    0.000000    0.015436   0.014441   0.014707   0.010051   
18  3    3           0.205045   3  5  0  0  0  0  0  0.201807  0.377953    0.000000    0.015399   0.014354   0.014760   0.010051   
18  4    3           0.255437   3  5  0  0  0  0  0  0.251316  0.460770    0.000000    0.018506   0.017809   0.018563   0.010051   
18  5    3           0.246070   3  5  0  0  0  0  0  0.242070  0.447015    0.000000    0.018162   0.017854   0.017756   0.010051   
18  6    3           0.254584   3  5  0  0  0  0  0  0.250510  0.454376    0.000000    0.017638   0.017888   0.018477   0.010051   
18  7    3           0.253417   3  5  0  0  0  0  0  0.249304  0.452890    0.000000    0.017629   0.017850   0.018492   0.010051   
19  0    3           0.254921   3  5  0  0  0  0  0  0.250744  0.465100    0.693147    0.018424   0.018055   0.018207   0.009823   
19  1    3           0.253841   3  5  0  0  0  0  0  0.249747  0.464977    0.000000    0.018926   0.018133   0.018154   0.009823   
19  4    3           0.237409   3  5  0  0  0  0  0  0.233558  0.430910    0.000000    0.017636   0.016501   0.016920   0.009823   
19  2    3           0.207167   3  5  0  0  0  0  0  0.203827  0.380401    0.000000    0.015460   0.014441   0.014806   0.009823   
19  3    3           0.205321   3  5  0  0  0  0  0  0.202076  0.378051    0.000000    0.015410   0.014428   0.014750   0.009823   
19  6    3           0.254848   3  5  0  0  0  0  0  0.250759  0.455552    0.000000    0.017561   0.017745   0.019004   0.009823   
19  5    3           0.228528   3  5  0  0  0  0  0  0.224802  0.419194    0.000000    0.017383   0.016336   0.016706   0.009823   
19  7    3           0.255455   3  5  0  0  0  0  0  0.251335  0.454966    0.000000    0.017505   0.017676   0.018750   0.009823   
20  0    3           0.253030   3  5  0  0  0  0  0  0.248895  0.461799    0.693147    0.018464   0.018039   0.018208   0.009237   
20  1    3           0.227501   3  4  0  0  0  0  0  0.223723  0.439228    0.000000    0.019045   0.018200   0.018484   0.009237   
20  4    3           0.236523   3  5  0  0  0  0  0  0.232713  0.431048    0.000000    0.017772   0.016594   0.017342   0.009237   
20  2    3           0.209887   3  5  0  0  0  0  0  0.206519  0.382396    0.000000    0.015409   0.014453   0.014850   0.009237   
20  3    3           0.206177   3  5  0  0  0  0  0  0.202874  0.377673    0.000000    0.015413   0.014268   0.014805   0.009237   
20  5    3           0.231848   3  5  0  0  0  0  0  0.228122  0.423398    0.000000    0.017185   0.016771   0.017097   0.009237   
20  6    3           0.263198   3  5  0  0  0  0  0  0.259079  0.464390    0.000000    0.017775   0.018265   0.018578   0.009237   
20  7    3           0.255821   3  5  0  0  0  0  0  0.251723  0.453911    0.000000    0.017516   0.017666   0.018582   0.009237   
21  0    3           0.259288   3  5  0  0  0  0  0  0.255113  0.466487    0.693147    0.018378   0.017860   0.018831   0.009536   
21  1    3           0.194375   2  4  0  0  0  0  0  0.190969  0.403577    0.000000    0.018690   0.018287   0.018332   0.009536   
21  2    3           0.206573   3  5  0  0  0  0  0  0.203237  0.380222    0.000000    0.015530   0.014633   0.014775   0.009536   
21  3    3           0.204900   3  5  0  0  0  0  0  0.201705  0.378422    0.000000    0.015493   0.014660   0.014703   0.009536   
21  4    3           0.236382   3  5  0  0  0  0  0  0.232583  0.430367    0.000000    0.018059   0.016523   0.016726   0.009536   
21  5    3           0.229078   3  5  0  0  0  0  0  0.225356  0.419757    0.000000    0.017267   0.016644   0.016349   0.009536   
21  6    3           0.257234   3  5  0  0  0  0  0  0.253125  0.456827    0.000000    0.017618   0.017894   0.018549   0.009536   
21  7    3           0.252275   3  5  0  0  0  0  0  0.248200  0.453337    0.000000    0.018078   0.017665   0.018855   0.009536   
22  0    3           0.256342   3  5  0  0  0  0  0  0.252346  0.463452    0.693147    0.018437   0.018039   0.018596   0.009417   
22  1    3           0.192774   2  4  0  0  0  0  0  0.189455  0.401816    0.000000    0.019013   0.018079   0.018498   0.009417   
22  2    3           0.180902   3  4  0  0  0  0  0  0.177889  0.352183    0.000000    0.015413   0.014352   0.014765   0.009417   
22  4    3           0.236348   3  5  0  0  0  0  0  0.232519  0.430880    0.000000    0.017698   0.016689   0.017520   0.009417   
22  3    3           0.206118   3  5  0  0  0  0  0  0.202773  0.376486    0.000000    0.015352   0.014304   0.014630   0.009417   
22  5    3           0.229416   3  5  0  0  0  0  0  0.225703  0.421494    0.000000    0.017309   0.016624   0.017384   0.009417   
22  6    3           0.256925   3  5  0  0  0  0  0  0.252774  0.454812    0.000000    0.017596   0.017774   0.018569   0.009417   
22  7    3           0.222835   3  4  0  0  0  0  0  0.219101  0.422974    0.000000    0.017674   0.018003   0.018601   0.009417   
23  0    3           0.255334   3  5  0  0  0  0  0  0.251227  0.462748    0.693147    0.018511   0.017952   0.018251   0.009532   
23  1    3           0.223241   2  5  0  0  0  0  0  0.219596  0.431958    0.000000    0.018697   0.018077   0.018327   0.009532   
23  4    3           0.237126   3  5  0  0  0  0  0  0.233232  0.431172    0.000000    0.018163   0.016582   0.016517   0.009532   
23  5    3           0.228288   3  5  0  0  0  0  0  0.224555  0.419746    0.000000    0.017215   0.016752   0.016634   0.009532   
23  2    3           0.207085   3  5  0  0  0  0  0  0.203736  0.377805    0.000000    0.015400   0.014370   0.014694   0.009532   
23  3    3           0.179395   3  4  0  0  0  0  0  0.176430  0.349844    0.000000    0.015362   0.014342   0.014654   0.009532   
23  6    3           0.257483   3  5  0  0  0  0  0  0.253298  0.455262    0.000000    0.017675   0.018003   0.018801   0.009532   
23  7    3           0.192213   2  4  0  0  0  0  0  0.188744  0.392537    0.000000    0.017630   0.018157   0.018922   0.009532   
24  0    3           0.257125   3  5  0  0  0  0  0  0.252939  0.462947    0.693147    0.018341   0.017969   0.018314   0.009604   
24  1    3           0.195270   2  4  0  0  0  0  0  0.191891  0.404274    0.000000    0.018889   0.018244   0.018311   0.009604   
24  2    3           0.155604   2  4  0  0  0  0  0  0.152859  0.328480    0.000000    0.015437   0.014394   0.014771   0.009604   
24  4    3           0.237356   3  5  0  0  0  0  0  0.233569  0.432750    0.000000    0.017778   0.016660   0.017877   0.009604   
24  3    3           0.154150   2  4  0  0  0  0  0  0.151460  0.326722    0.000000    0.015409   0.014409   0.014664   0.009604   
24  5    3           0.227400   3  5  0  0  0  0  0  0.223673  0.417581    0.000000    0.017220   0.016629   0.017215   0.009604   
24  6    3           0.225233   3  4  0  0  0  0  0  0.221452  0.424546    0.000000    0.017755   0.017946   0.018643   0.009604   
24  7    3           0.192827   2  4  0  0  0  0  0  0.189486  0.392025    0.000000    0.017696   0.017700   0.018899   0.009604   
25  0    3           0.261443   3  5  0  0  0  0  0  0.257224  0.468563    0.693147    0.018370   0.017860   0.018379   0.009569   
25  1    3           0.226854   2  5  0  0  0  0  0  0.223160  0.437125    0.000000    0.019040   0.018074   0.018384   0.009569   
25  4    3           0.236111   3  5  0  0  0  0  0  0.232251  0.431302    0.000000    0.017896   0.017011   0.016838   0.009569   
25  6    3           0.194985   2  4  0  0  0  0  0  0.191631  0.393514    0.000000    0.017538   0.017936   0.018398   0.009569   
25  2    3           0.155603   2  4  0  0  0  0  0  0.152882  0.328504    0.000000    0.015441   0.014530   0.014661   0.009569   
25  5    3           0.226708   3  5  0  0  0  0  0  0.223090  0.414537    0.000000    0.017176   0.016361   0.016294   0.009569   
25  3    3           0.154432   2  4  0  0  0  0  0  0.151806  0.326892    0.000000    0.015381   0.014435   0.014662   0.009569   
25  7    3           0.227141   2  5  0  0  0  0  0  0.223336  0.427512    0.000000    0.017420   0.018177   0.019029   0.009569   
26  0    3           0.255868   3  5  0  0  0  0  0  0.251766  0.462247    0.693147    0.018370   0.017987   0.018356   0.009563   
26  1    3           0.193688   2  4  0  0  0  0  0  0.190412  0.404734    0.000000    0.019201   0.018184   0.018698   0.009563   
26  4    3           0.206792   3  4  0  0  0  0  0  0.203324  0.401962    0.000000    0.017881   0.016856   0.017193   0.009563   
26  2    3           0.182609   2  5  0  0  0  0  0  0.179559  0.355875    0.000000    0.015421   0.014492   0.014794   0.009563   
26  3    3           0.181671   2  5  0  0  0  0  0  0.178733  0.354617    0.000000    0.015385   0.014373   0.014860   0.009563   
26  5    3           0.231376   3  5  0  0  0  0  0  0.227572  0.421451    0.000000    0.017272   0.016631   0.016437   0.009563   
26  6    3           0.197062   2  4  0  0  0  0  0  0.193586  0.398004    0.000000    0.017605   0.018171   0.018741   0.009563   
26  7    3           0.225587   2  5  0  0  0  0  0  0.221803  0.423977    0.000000    0.017463   0.017632   0.018868   0.009563   
27  0    3           0.223890   3  4  0  0  0  0  0  0.220152  0.431865    0.693147    0.018497   0.018021   0.018322   0.009609   
27  1    3           0.193752   2  4  0  0  0  0  0  0.190435  0.403353    0.000000    0.018725   0.018318   0.018356   0.009609   
27  4    3           0.235898   3  5  0  0  0  0  0  0.232124  0.429383    0.000000    0.017683   0.016849   0.016885   0.009609   
27  2    3           0.155631   2  4  0  0  0  0  0  0.152892  0.328461    0.000000    0.015518   0.014496   0.014628   0.009609   
27  5    3           0.203201   3  4  0  0  0  0  0  0.199833  0.391054    0.000000    0.017265   0.016283   0.016344   0.009609   
27  3    3           0.154945   2  4  0  0  0  0  0  0.152280  0.327464    0.000000    0.015464   0.014375   0.014749   0.009609   
27  6    3           0.229606   2  5  0  0  0  0  0  0.225845  0.431582    0.000000    0.017707   0.018554   0.018904   0.009609   
27  7    3           0.193228   2  4  0  0  0  0  0  0.189914  0.393379    0.000000    0.017892   0.017687   0.018762   0.009609   
28  0    3           0.190716   2  4  0  0  0  0  0  0.187374  0.399640    0.693147    0.018325   0.018103   0.018188   0.010298   
28  1    3           0.193833   2  4  0  0  0  0  0  0.190484  0.404838    0.000000    0.018640   0.018396   0.018413   0.010298   
28  2    3           0.182109   2  5  0  0  0  0  0  0.179069  0.354198    0.000000    0.015398   0.014399   0.014632   0.010298   
28  3    3           0.180392   2  5  0  0  0  0  0  0.177403  0.352287    0.000000    0.015376   0.014308   0.014663   0.010298   
28  4    3           0.177161   2  4  0  0  0  0  0  0.174073  0.373278    0.000000    0.017705   0.017262   0.016910   0.010298   
28  6    3           0.191219   2  4  0  0  0  0  0  0.187887  0.391047    0.000000    0.017633   0.017813   0.018620   0.010298   
28  5    3           0.173849   2  4  0  0  0  0  0  0.170805  0.362619    0.000000    0.017172   0.016371   0.016422   0.010298   
28  7    3           0.189992   2  4  0  0  0  0  0  0.186681  0.389206    0.000000    0.017519   0.017758   0.018578   0.010298   
29  0    3           0.190331   2  4  0  0  0  0  0  0.186949  0.398232    0.693147    0.018363   0.018248   0.018371   0.010211   
29  1    3           0.285764   3  6  0  0  0  0  0  0.281289  0.494080    0.000000    0.019044   0.018128   0.018353   0.010211   
29  4    3           0.177116   2  4  0  0  0  0  0  0.173987  0.369534    0.000000    0.017546   0.016670   0.016501   0.010211   
29  2    3           0.158210   2  4  0  0  0  0  0  0.155447  0.330816    0.000000    0.015436   0.014439   0.014728   0.010211   
29  3    3           0.155973   2  4  0  0  0  0  0  0.153236  0.327412    0.000000    0.015385   0.014255   0.014627   0.010211   
29  6    3           0.228944   2  5  0  0  0  0  0  0.225132  0.427155    0.000000    0.017633   0.017822   0.018515   0.010211   
29  5    3           0.171299   2  4  0  0  0  0  0  0.168246  0.359926    0.000000    0.017157   0.016278   0.016389   0.010211   
29  7    3           0.195449   2  4  0  0  0  0  0  0.192090  0.396869    0.000000    0.017886   0.018268   0.018325   0.010211   
30  0    3           0.188985   2  4  0  0  0  0  0  0.185675  0.396497    0.693147    0.018573   0.018206   0.018249   0.010113   
30  1    3           0.222741   3  4  0  0  0  0  0  0.218956  0.430525    0.000000    0.018748   0.018137   0.018335   0.010113   
30  2    3           0.158084   2  4  0  0  0  0  0  0.155394  0.331659    0.000000    0.015457   0.014635   0.014830   0.010113   
30  3    3           0.156601   2  4  0  0  0  0  0  0.153851  0.328732    0.000000    0.015480   0.014433   0.014606   0.010113   
30  6    3           0.195694   2  4  0  0  0  0  0  0.192288  0.393725    0.000000    0.017607   0.018096   0.018312   0.010113   
30  4    3           0.206263   2  5  0  0  0  0  0  0.202787  0.400133    0.000000    0.017544   0.016843   0.016617   0.010113   
30  7    3           0.158634   2  3  0  0  0  0  0  0.155771  0.359868    0.000000    0.017694   0.017660   0.019561   0.010113   
30  5    3           0.199490   2  5  0  0  0  0  0  0.196162  0.388084    0.000000    0.017168   0.016367   0.016288   0.010113   
total max update time is: 15.2217

total max communication time is: 0.30321

total max wait time is: 3.14322

Total train time is 18.2736 second.
