dim=47236
procnum=8,synchronize!!!
#   RANK TRONIter-k  CG-time    HvIter-k             Hv-time   Update-time ObjectValue Problem    Gradient   Diagonal   Comm-time  
1   0    6           0.754363   4  5  5  4  5  0  0  0.742393  1.138201    0.139470    0.019212   0.018269   0.018537   0.048798   
1   1    6           0.747930   4  5  5  4  5  0  0  0.735730  1.133365    0.000000    0.019347   0.018300   0.018860   0.048798   
1   2    6           0.590211   4  5  5  4  5  0  0  0.581664  0.900250    0.000000    0.015712   0.014132   0.014480   0.048798   
1   4    6           0.678019   4  5  5  4  5  0  0  0.667165  1.024842    0.000000    0.017485   0.017411   0.016575   0.048798   
1   3    6           0.593570   4  5  5  4  5  0  0  0.584834  0.902413    0.000000    0.015715   0.014047   0.014344   0.048798   
1   5    6           0.662686   4  5  5  4  5  0  0  0.651993  1.004467    0.000000    0.017375   0.017213   0.016382   0.048798   
1   6    6           0.737727   4  5  5  4  5  0  0  0.725973  1.097398    0.000000    0.017656   0.017382   0.018150   0.048798   
1   7    6           0.734837   4  5  5  4  5  0  0  0.723120  1.094653    0.000000    0.017730   0.017427   0.018194   0.048798   
2   0    4           0.442530   5  4  5  0  0  0  0  0.435770  0.708189    0.104740    0.018945   0.018113   0.018666   0.016572   
2   4    4           0.416741   5  4  5  0  0  0  0  0.410511  0.663414    0.000000    0.017773   0.017054   0.017159   0.016572   
2   1    4           0.419873   5  4  4  0  0  0  0  0.413394  0.687253    0.000000    0.019394   0.018216   0.018762   0.016572   
2   5    4           0.379701   5  4  4  0  0  0  0  0.374221  0.623326    0.000000    0.017172   0.016765   0.017057   0.016572   
2   2    4           0.367398   5  4  5  0  0  0  0  0.361904  0.589231    0.000000    0.015883   0.014741   0.014482   0.016572   
2   3    4           0.363672   5  4  5  0  0  0  0  0.358015  0.583883    0.000000    0.016191   0.014216   0.014445   0.016572   
2   6    4           0.443940   5  4  5  0  0  0  0  0.437032  0.697132    0.000000    0.017364   0.017725   0.018309   0.016572   
2   7    4           0.443545   5  4  5  0  0  0  0  0.436675  0.696854    0.000000    0.017278   0.017674   0.018595   0.016572   
3   6    3           0.255238   4  4  0  0  0  0  0  0.251138  0.453814    0.000000    0.017494   0.017785   0.018315   0.037509   
3   0    3           0.290108   4  5  0  0  0  0  0  0.285286  0.501747    0.093004    0.018747   0.018391   0.018742   0.037509   
3   1    3           0.264500   4  4  0  0  0  0  0  0.259933  0.475312    0.000000    0.018791   0.017993   0.018910   0.037509   
3   7    3           0.289619   4  5  0  0  0  0  0  0.285074  0.486296    0.000000    0.017271   0.017662   0.018314   0.037509   
3   4    3           0.238507   4  4  0  0  0  0  0  0.234716  0.431893    0.000000    0.017505   0.016898   0.016771   0.037509   
3   5    3           0.231262   4  4  0  0  0  0  0  0.227613  0.421590    0.000000    0.017048   0.016692   0.016569   0.037509   
3   2    3           0.213608   4  4  0  0  0  0  0  0.210218  0.386003    0.000000    0.015731   0.014424   0.014837   0.037509   
3   3    3           0.236299   4  5  0  0  0  0  0  0.232671  0.412846    0.000000    0.015714   0.014805   0.015746   0.037509   
4   6    3           0.254620   4  4  0  0  0  0  0  0.250381  0.454035    0.000000    0.017577   0.017616   0.018707   0.016221   
4   0    3           0.257115   4  4  0  0  0  0  0  0.252908  0.464085    0.086810    0.018773   0.017775   0.018358   0.016221   
4   1    3           0.256215   3  5  0  0  0  0  0  0.252017  0.464216    0.000000    0.018942   0.017930   0.018424   0.016221   
4   7    3           0.287856   4  5  0  0  0  0  0  0.283179  0.486036    0.000000    0.017560   0.017656   0.018498   0.016221   
4   4    3           0.210197   3  4  0  0  0  0  0  0.206727  0.402741    0.000000    0.017406   0.017012   0.016852   0.016221   
4   2    3           0.181173   3  4  0  0  0  0  0  0.178275  0.354772    0.000000    0.016419   0.014566   0.014838   0.016221   
4   5    3           0.230896   3  5  0  0  0  0  0  0.227211  0.420263    0.000000    0.017400   0.016584   0.016446   0.016221   
4   3    3           0.207703   4  4  0  0  0  0  0  0.204388  0.379864    0.000000    0.015693   0.014927   0.014584   0.016221   
5   0    3           0.233194   3  4  0  0  0  0  0  0.229243  0.445651    0.082886    0.018768   0.018055   0.018962   0.031851   
5   1    3           0.235273   3  4  0  0  0  0  0  0.231128  0.449221    0.000000    0.019041   0.018335   0.018928   0.031851   
5   2    3           0.182385   3  4  0  0  0  0  0  0.179420  0.348532    0.000000    0.015771   0.014205   0.014552   0.031851   
5   6    3           0.255692   4  4  0  0  0  0  0  0.251629  0.455141    0.000000    0.017486   0.017711   0.018559   0.031851   
5   3    2           0.104599   4  0  0  0  0  0  0  0.102808  0.229394    0.000000    0.015776   0.014291   0.014779   0.031851   
5   7    3           0.254602   4  4  0  0  0  0  0  0.250547  0.454236    0.000000    0.017692   0.017761   0.018396   0.031851   
5   4    3           0.242832   4  4  0  0  0  0  0  0.238959  0.432656    0.000000    0.017540   0.017024   0.016723   0.031851   
5   5    3           0.202325   3  4  0  0  0  0  0  0.199060  0.390632    0.000000    0.017226   0.016589   0.016794   0.031851   
6   0    3           0.227641   3  4  0  0  0  0  0  0.223830  0.435711    0.080126    0.018955   0.018029   0.018296   0.016536   
6   4    3           0.209507   3  4  0  0  0  0  0  0.206071  0.405953    0.000000    0.017958   0.017187   0.017620   0.016536   
6   1    3           0.225206   3  4  0  0  0  0  0  0.221472  0.434622    0.000000    0.019023   0.018224   0.018488   0.016536   
6   5    3           0.202018   3  4  0  0  0  0  0  0.198732  0.389666    0.000000    0.017306   0.016351   0.016489   0.016536   
6   2    3           0.182138   3  4  0  0  0  0  0  0.179257  0.349836    0.000000    0.015903   0.014292   0.014620   0.016536   
6   3    2           0.104903   4  0  0  0  0  0  0  0.103078  0.231707    0.000000    0.015780   0.014675   0.015282   0.016536   
6   6    3           0.221814   3  4  0  0  0  0  0  0.218177  0.419337    0.000000    0.017461   0.017794   0.019007   0.016536   
6   7    2           0.128531   4  0  0  0  0  0  0  0.126198  0.273646    0.000000    0.017552   0.017973   0.018513   0.016536   
7   0    3           0.227997   3  4  0  0  0  0  0  0.224154  0.438996    0.078047    0.019419   0.018687   0.018339   0.034487   
7   1    2           0.100015   3  0  0  0  0  0  0  0.098062  0.257444    0.000000    0.019227   0.019458   0.018737   0.034487   
7   2    3           0.184262   3  4  0  0  0  0  0  0.181332  0.357460    0.000000    0.015787   0.014359   0.014639   0.034487   
7   3    3           0.182212   3  4  0  0  0  0  0  0.179158  0.360353    0.000000    0.015759   0.014990   0.015710   0.034487   
7   4    3           0.208256   3  4  0  0  0  0  0  0.204795  0.399951    0.000000    0.017600   0.016605   0.017156   0.034487   
7   5    3           0.200892   3  4  0  0  0  0  0  0.197537  0.389911    0.000000    0.017229   0.016465   0.016754   0.034487   
7   6    3           0.223125   3  4  0  0  0  0  0  0.219212  0.424410    0.000000    0.017579   0.017999   0.018750   0.034487   
7   7    3           0.223103   3  4  0  0  0  0  0  0.219173  0.424285    0.000000    0.017478   0.018152   0.018646   0.034487   
8   0    2           0.096545   3  0  0  0  0  0  0  0.094512  0.249964    0.076413    0.019356   0.018042   0.018573   0.016514   
8   1    3           0.222646   3  4  0  0  0  0  0  0.218789  0.430347    0.000000    0.019069   0.018194   0.018690   0.016514   
8   4    2           0.091182   3  0  0  0  0  0  0  0.089406  0.230842    0.000000    0.017690   0.016855   0.016806   0.016514   
8   2    2           0.077858   3  0  0  0  0  0  0  0.076380  0.205241    0.000000    0.015928   0.014677   0.014827   0.016514   
8   6    3           0.225677   3  4  0  0  0  0  0  0.221917  0.425139    0.000000    0.017600   0.017815   0.018372   0.016514   
8   5    2           0.086540   3  0  0  0  0  0  0  0.084829  0.223965    0.000000    0.017260   0.016279   0.016873   0.016514   
8   3    3           0.179038   3  4  0  0  0  0  0  0.176183  0.349137    0.000000    0.015781   0.014657   0.014653   0.016514   
8   7    3           0.225758   3  4  0  0  0  0  0  0.221952  0.426664    0.000000    0.017623   0.018066   0.018537   0.016514   
9   0    2           0.095154   3  0  0  0  0  0  0  0.093185  0.247462    0.075086    0.018892   0.018181   0.018356   0.015425   
9   1    2           0.096817   3  0  0  0  0  0  0  0.094837  0.248648    0.000000    0.018944   0.018017   0.018477   0.015425   
9   2    2           0.078013   3  0  0  0  0  0  0  0.076440  0.203170    0.000000    0.015864   0.014222   0.014673   0.015425   
9   4    2           0.086865   3  0  0  0  0  0  0  0.085156  0.226504    0.000000    0.018692   0.016511   0.016655   0.015425   
9   3    2           0.077379   3  0  0  0  0  0  0  0.075840  0.203030    0.000000    0.015972   0.014231   0.014740   0.015425   
9   6    2           0.097293   3  0  0  0  0  0  0  0.095312  0.243364    0.000000    0.017542   0.018089   0.018491   0.015425   
9   5    2           0.088262   3  0  0  0  0  0  0  0.086526  0.226107    0.000000    0.018301   0.016126   0.016561   0.015425   
9   7    2           0.097673   3  0  0  0  0  0  0  0.095711  0.242772    0.000000    0.017492   0.017741   0.018597   0.015425   
10  0    2           0.099959   3  0  0  0  0  0  0  0.097876  0.255078    0.073978    0.018942   0.018549   0.018695   0.031172   
10  1    2           0.100339   3  0  0  0  0  0  0  0.098293  0.253045    0.000000    0.018823   0.017900   0.018703   0.031172   
10  2    2           0.078401   3  0  0  0  0  0  0  0.076928  0.203522    0.000000    0.015726   0.014259   0.014833   0.031172   
10  6    2           0.095996   3  0  0  0  0  0  0  0.094048  0.240534    0.000000    0.017445   0.017744   0.018485   0.031172   
10  3    2           0.077413   3  0  0  0  0  0  0  0.075965  0.201933    0.000000    0.015717   0.014248   0.014501   0.031172   
10  7    2           0.095877   3  0  0  0  0  0  0  0.093957  0.240287    0.000000    0.017366   0.017698   0.018563   0.031172   
10  4    2           0.086881   3  0  0  0  0  0  0  0.085118  0.224912    0.000000    0.017446   0.016331   0.016731   0.031172   
10  5    2           0.086517   3  0  0  0  0  0  0  0.084800  0.223138    0.000000    0.017118   0.016113   0.016598   0.031172   
11  0    2           0.097046   3  0  0  0  0  0  0  0.095020  0.250432    0.073034    0.018997   0.018117   0.018623   0.018066   
11  1    2           0.097152   3  0  0  0  0  0  0  0.095088  0.251300    0.000000    0.019167   0.018235   0.018682   0.018066   
11  4    2           0.086582   3  0  0  0  0  0  0  0.084820  0.225014    0.000000    0.017489   0.016395   0.016930   0.018066   
11  5    2           0.085623   3  0  0  0  0  0  0  0.083906  0.221752    0.000000    0.017154   0.016120   0.016433   0.018066   
11  2    2           0.077952   3  0  0  0  0  0  0  0.076425  0.202608    0.000000    0.015756   0.014227   0.014560   0.018066   
11  3    2           0.076903   3  0  0  0  0  0  0  0.075441  0.202156    0.000000    0.015762   0.014237   0.014769   0.018066   
11  6    2           0.096235   3  0  0  0  0  0  0  0.094306  0.241091    0.000000    0.017584   0.017818   0.018407   0.018066   
11  7    2           0.096339   3  0  0  0  0  0  0  0.094384  0.241445    0.000000    0.017547   0.017957   0.018455   0.018066   
12  0    2           0.098100   3  0  0  0  0  0  0  0.096142  0.249224    0.072217    0.018790   0.018058   0.018325   0.015751   
12  1    2           0.100069   3  0  0  0  0  0  0  0.098087  0.254494    0.000000    0.019130   0.018782   0.018612   0.015751   
12  4    2           0.087697   3  0  0  0  0  0  0  0.085934  0.225972    0.000000    0.017525   0.016400   0.016902   0.015751   
12  5    2           0.086120   3  0  0  0  0  0  0  0.084364  0.222494    0.000000    0.017124   0.016183   0.016529   0.015751   
12  2    2           0.077796   3  0  0  0  0  0  0  0.076327  0.202667    0.000000    0.015698   0.014165   0.014677   0.015751   
12  3    2           0.077654   3  0  0  0  0  0  0  0.076214  0.202104    0.000000    0.015676   0.014056   0.014595   0.015751   
12  6    2           0.096231   3  0  0  0  0  0  0  0.094292  0.241361    0.000000    0.017487   0.017840   0.018565   0.015751   
12  7    2           0.096185   3  0  0  0  0  0  0  0.094223  0.241802    0.000000    0.017649   0.017963   0.018486   0.015751   
13  6    2           0.096107   3  0  0  0  0  0  0  0.094128  0.241809    0.000000    0.017617   0.017843   0.018703   0.015491   
13  0    2           0.097142   3  0  0  0  0  0  0  0.095222  0.249773    0.071502    0.019248   0.018624   0.018803   0.015491   
13  1    2           0.097278   3  0  0  0  0  0  0  0.095326  0.247033    0.000000    0.018851   0.018068   0.018526   0.015491   
13  7    2           0.096823   3  0  0  0  0  0  0  0.094781  0.241856    0.000000    0.017440   0.017841   0.018604   0.015491   
13  4    2           0.086898   3  0  0  0  0  0  0  0.085148  0.225137    0.000000    0.017602   0.016424   0.016782   0.015491   
13  5    2           0.085651   3  0  0  0  0  0  0  0.083926  0.222333    0.000000    0.017214   0.016259   0.016509   0.015491   
13  2    2           0.077804   3  0  0  0  0  0  0  0.076297  0.202788    0.000000    0.015739   0.014184   0.014809   0.015491   
13  3    2           0.076813   3  0  0  0  0  0  0  0.075356  0.202194    0.000000    0.015845   0.014228   0.014743   0.015491   
14  0    2           0.094343   3  0  0  0  0  0  0  0.092338  0.246130    0.070867    0.018174   0.018424   0.018012   0.024392   
14  1    2           0.065758   2  0  0  0  0  0  0  0.064157  0.216574    0.000000    0.018677   0.017718   0.018433   0.024392   
14  2    2           0.077857   3  0  0  0  0  0  0  0.076374  0.202383    0.000000    0.015747   0.014107   0.014596   0.024392   
14  6    2           0.064384   2  0  0  0  0  0  0  0.062795  0.208913    0.000000    0.017684   0.017778   0.018426   0.024392   
14  3    2           0.077146   3  0  0  0  0  0  0  0.075707  0.201552    0.000000    0.015715   0.014029   0.014623   0.024392   
14  7    2           0.096912   3  0  0  0  0  0  0  0.094924  0.240323    0.000000    0.017417   0.017751   0.018566   0.024392   
14  4    2           0.087296   3  0  0  0  0  0  0  0.085500  0.226134    0.000000    0.017600   0.016318   0.016946   0.024392   
14  5    2           0.086846   3  0  0  0  0  0  0  0.085111  0.224266    0.000000    0.017175   0.016245   0.016656   0.024392   
15  0    2           0.065105   2  0  0  0  0  0  0  0.063516  0.218799    0.070299    0.019412   0.018108   0.018519   0.015534   
15  1    2           0.065509   2  0  0  0  0  0  0  0.063865  0.219713    0.000000    0.019333   0.018207   0.018781   0.015534   
15  6    2           0.064222   2  0  0  0  0  0  0  0.062662  0.208258    0.000000    0.017507   0.017700   0.018562   0.015534   
15  4    2           0.088164   3  0  0  0  0  0  0  0.086398  0.227878    0.000000    0.017564   0.016476   0.016953   0.015534   
15  2    2           0.078387   3  0  0  0  0  0  0  0.076871  0.201663    0.000000    0.015707   0.014230   0.014857   0.015534   
15  3    2           0.051701   2  0  0  0  0  0  0  0.050562  0.174527    0.000000    0.015766   0.014135   0.014592   0.015534   
15  7    2           0.096751   3  0  0  0  0  0  0  0.094764  0.240453    0.000000    0.017365   0.017940   0.018577   0.015534   
15  5    2           0.087313   3  0  0  0  0  0  0  0.085560  0.225320    0.000000    0.017132   0.016236   0.016680   0.015534   
16  0    2           0.098345   3  0  0  0  0  0  0  0.096441  0.250969    0.069789    0.019059   0.018286   0.018376   0.015660   
16  1    2           0.099933   3  0  0  0  0  0  0  0.097899  0.255027    0.000000    0.019177   0.018301   0.019415   0.015660   
16  2    2           0.051821   2  0  0  0  0  0  0  0.050671  0.175589    0.000000    0.015922   0.014223   0.014858   0.015660   
16  4    2           0.058557   2  0  0  0  0  0  0  0.057150  0.196686    0.000000    0.017479   0.016488   0.016964   0.015660   
16  3    2           0.077672   3  0  0  0  0  0  0  0.076176  0.201248    0.000000    0.015977   0.014322   0.014747   0.015660   
16  6    2           0.096897   3  0  0  0  0  0  0  0.094889  0.241004    0.000000    0.017670   0.017869   0.018517   0.015660   
16  5    2           0.088644   3  0  0  0  0  0  0  0.086841  0.223980    0.000000    0.017175   0.016088   0.016830   0.015660   
16  7    2           0.064944   2  0  0  0  0  0  0  0.063363  0.209146    0.000000    0.017575   0.017750   0.018466   0.015660   
17  0    2           0.063703   2  0  0  0  0  0  0  0.062169  0.214981    0.069324    0.018725   0.018018   0.019171   0.015584   
17  1    2           0.065426   2  0  0  0  0  0  0  0.063891  0.218214    0.000000    0.018826   0.018793   0.018627   0.015584   
17  2    2           0.077475   3  0  0  0  0  0  0  0.076004  0.202134    0.000000    0.015753   0.014167   0.014574   0.015584   
17  4    2           0.088932   3  0  0  0  0  0  0  0.087164  0.224838    0.000000    0.017492   0.016465   0.017099   0.015584   
17  3    2           0.077300   3  0  0  0  0  0  0  0.075875  0.201591    0.000000    0.015714   0.014088   0.014534   0.015584   
17  6    2           0.096080   3  0  0  0  0  0  0  0.094102  0.242857    0.000000    0.017596   0.018251   0.018682   0.015584   
17  5    2           0.029428   1  0  0  0  0  0  0  0.028367  0.164646    0.000000    0.017122   0.016140   0.016713   0.015584   
17  7    2           0.097038   3  0  0  0  0  0  0  0.095012  0.243303    0.000000    0.017463   0.018142   0.018792   0.015584   
18  0    2           0.097233   3  0  0  0  0  0  0  0.095213  0.250127    0.068898    0.019252   0.018491   0.018568   0.026258   
18  1    2           0.065501   2  0  0  0  0  0  0  0.063841  0.218782    0.000000    0.019393   0.018315   0.018738   0.026258   
18  2    2           0.053620   2  0  0  0  0  0  0  0.052440  0.176849    0.000000    0.015741   0.014129   0.014760   0.026258   
18  4    2           0.058173   2  0  0  0  0  0  0  0.056777  0.196831    0.000000    0.017499   0.016479   0.017080   0.026258   
18  3    2           0.079245   3  0  0  0  0  0  0  0.077696  0.202027    0.000000    0.015748   0.014122   0.014627   0.026258   
18  6    2           0.096978   3  0  0  0  0  0  0  0.095021  0.240769    0.000000    0.017573   0.017759   0.018581   0.026258   
18  5    2           0.087840   3  0  0  0  0  0  0  0.086057  0.223082    0.000000    0.017153   0.016186   0.016627   0.026258   
18  7    2           0.064397   2  0  0  0  0  0  0  0.062833  0.209536    0.000000    0.017570   0.017992   0.018554   0.026258   
19  0    2           0.065180   2  0  0  0  0  0  0  0.063560  0.216168    0.068509    0.018895   0.017938   0.018504   0.016790   
19  1    2           0.098507   3  0  0  0  0  0  0  0.096451  0.249358    0.000000    0.018951   0.018078   0.018656   0.016790   
19  4    2           0.088031   3  0  0  0  0  0  0  0.086254  0.226761    0.000000    0.017595   0.016410   0.017212   0.016790   
19  5    2           0.057928   2  0  0  0  0  0  0  0.056545  0.194865    0.000000    0.017083   0.016139   0.016903   0.016790   
19  2    2           0.079367   3  0  0  0  0  0  0  0.077825  0.202358    0.000000    0.015682   0.014174   0.014741   0.016790   
19  3    2           0.052248   2  0  0  0  0  0  0  0.051099  0.174682    0.000000    0.015644   0.014067   0.014464   0.016790   
19  6    2           0.064350   2  0  0  0  0  0  0  0.062748  0.209257    0.000000    0.017651   0.017669   0.018851   0.016790   
19  7    2           0.096840   3  0  0  0  0  0  0  0.094820  0.240457    0.000000    0.017549   0.017770   0.018574   0.016790   
20  0    2           0.097047   3  0  0  0  0  0  0  0.095137  0.247458    0.068151    0.019898   0.017787   0.018496   0.015949   
20  1    2           0.033666   1  0  0  0  0  0  0  0.032450  0.184150    0.000000    0.019011   0.017905   0.018599   0.015949   
20  4    2           0.058688   2  0  0  0  0  0  0  0.057257  0.197677    0.000000    0.017508   0.016431   0.017038   0.015949   
20  5    2           0.057537   2  0  0  0  0  0  0  0.056149  0.194728    0.000000    0.017403   0.016143   0.016729   0.015949   
20  2    2           0.052076   2  0  0  0  0  0  0  0.050932  0.176766    0.000000    0.015740   0.014509   0.014966   0.015949   
20  3    2           0.077685   3  0  0  0  0  0  0  0.076195  0.202391    0.000000    0.015937   0.014462   0.014970   0.015949   
20  6    2           0.066070   2  0  0  0  0  0  0  0.064482  0.211975    0.000000    0.017539   0.018004   0.018637   0.015949   
20  7    2           0.066610   2  0  0  0  0  0  0  0.065033  0.211082    0.000000    0.017550   0.017725   0.018369   0.015949   
21  0    2           0.065127   2  0  0  0  0  0  0  0.063524  0.215967    0.067820    0.018934   0.017809   0.018810   0.015984   
21  1    2           0.099146   3  0  0  0  0  0  0  0.097151  0.251264    0.000000    0.019142   0.018563   0.018525   0.015984   
21  4    2           0.094760   3  0  0  0  0  0  0  0.092860  0.237793    0.000000    0.017466   0.016365   0.017750   0.015984   
21  5    2           0.094256   3  0  0  0  0  0  0  0.092396  0.235071    0.000000    0.017120   0.016086   0.017373   0.015984   
21  2    2           0.079553   3  0  0  0  0  0  0  0.078021  0.203234    0.000000    0.015766   0.014131   0.015095   0.015984   
21  3    2           0.051718   2  0  0  0  0  0  0  0.050575  0.174293    0.000000    0.015704   0.014068   0.014545   0.015984   
21  6    2           0.096589   3  0  0  0  0  0  0  0.094641  0.242661    0.000000    0.017757   0.017702   0.018837   0.015984   
21  7    2           0.097715   3  0  0  0  0  0  0  0.095737  0.242848    0.000000    0.017529   0.017792   0.018475   0.015984   
22  0    2           0.101362   3  0  0  0  0  0  0  0.099301  0.253049    0.067513    0.019481   0.017777   0.019155   0.025673   
22  1    2           0.034171   1  0  0  0  0  0  0  0.032938  0.192549    0.000000    0.018780   0.019103   0.020757   0.025673   
22  2    2           0.052262   2  0  0  0  0  0  0  0.051085  0.175904    0.000000    0.015731   0.014326   0.014680   0.025673   
22  3    2           0.078119   3  0  0  0  0  0  0  0.076597  0.201982    0.000000    0.015769   0.014280   0.014889   0.025673   
22  6    2           0.065277   2  0  0  0  0  0  0  0.063722  0.210189    0.000000    0.017564   0.017805   0.018412   0.025673   
22  4    2           0.094732   3  0  0  0  0  0  0  0.092816  0.242935    0.000000    0.018530   0.017379   0.018365   0.025673   
22  7    2           0.065042   2  0  0  0  0  0  0  0.063437  0.211223    0.000000    0.017581   0.018013   0.018811   0.025673   
22  5    2           0.094123   3  0  0  0  0  0  0  0.092244  0.240294    0.000000    0.018371   0.017168   0.017886   0.025673   
23  0    2           0.096719   3  0  0  0  0  0  0  0.094673  0.251321    0.067226    0.019186   0.018546   0.018594   0.015944   
23  1    2           0.097938   3  0  0  0  0  0  0  0.095832  0.252572    0.000000    0.019201   0.018499   0.018776   0.015944   
23  2    2           0.078937   3  0  0  0  0  0  0  0.077436  0.203858    0.000000    0.015796   0.014126   0.014998   0.015944   
23  4    2           0.095227   3  0  0  0  0  0  0  0.093298  0.242022    0.000000    0.018607   0.017504   0.018219   0.015944   
23  3    2           0.077404   3  0  0  0  0  0  0  0.075945  0.201244    0.000000    0.015764   0.014062   0.014490   0.015944   
23  6    2           0.096035   3  0  0  0  0  0  0  0.094100  0.241926    0.000000    0.017593   0.017858   0.018907   0.015944   
23  5    2           0.062850   2  0  0  0  0  0  0  0.061345  0.207737    0.000000    0.018200   0.017175   0.017826   0.015944   
23  7    2           0.097527   3  0  0  0  0  0  0  0.095554  0.242298    0.000000    0.017634   0.017949   0.018270   0.015944   
24  0    2           0.097432   3  0  0  0  0  0  0  0.095423  0.248462    0.066958    0.018898   0.017834   0.018339   0.016181   
24  4    2           0.063268   2  0  0  0  0  0  0  0.061732  0.208795    0.000000    0.018731   0.017479   0.018417   0.016181   
24  1    2           0.100389   3  0  0  0  0  0  0  0.098405  0.253525    0.000000    0.018908   0.018423   0.018596   0.016181   
24  5    2           0.063220   2  0  0  0  0  0  0  0.061714  0.206414    0.000000    0.018242   0.017287   0.017768   0.016181   
24  2    2           0.052416   2  0  0  0  0  0  0  0.051284  0.176755    0.000000    0.015699   0.014443   0.014813   0.016181   
24  6    2           0.064260   2  0  0  0  0  0  0  0.062675  0.209187    0.000000    0.017630   0.017804   0.018596   0.016181   
24  3    2           0.078194   3  0  0  0  0  0  0  0.076672  0.201438    0.000000    0.015729   0.014325   0.014573   0.016181   
24  7    2           0.096413   3  0  0  0  0  0  0  0.094426  0.240388    0.000000    0.017377   0.017974   0.018507   0.016181   
25  0    2           0.065079   2  0  0  0  0  0  0  0.063489  0.217911    0.066707    0.018700   0.018172   0.019298   0.015928   
25  4    2           0.087208   3  0  0  0  0  0  0  0.085427  0.223501    0.000000    0.017611   0.016347   0.016739   0.015928   
25  1    2           0.098340   3  0  0  0  0  0  0  0.096323  0.251178    0.000000    0.018715   0.018549   0.019104   0.015928   
25  5    2           0.057681   2  0  0  0  0  0  0  0.056305  0.193092    0.000000    0.017123   0.016264   0.016466   0.015928   
25  2    2           0.078564   3  0  0  0  0  0  0  0.077067  0.201438    0.000000    0.015724   0.014161   0.014813   0.015928   
25  6    2           0.097062   3  0  0  0  0  0  0  0.095115  0.241050    0.000000    0.017696   0.017788   0.018600   0.015928   
25  3    2           0.051761   2  0  0  0  0  0  0  0.050627  0.174925    0.000000    0.015713   0.014131   0.014752   0.015928   
25  7    2           0.064691   2  0  0  0  0  0  0  0.063130  0.209759    0.000000    0.017610   0.018009   0.018489   0.015928   
26  0    2           0.102792   3  0  0  0  0  0  0  0.100710  0.254865    0.066471    0.019405   0.018566   0.018627   0.025481   
26  1    2           0.066394   2  0  0  0  0  0  0  0.064793  0.220378    0.000000    0.019454   0.018864   0.018752   0.025481   
26  6    2           0.064287   2  0  0  0  0  0  0  0.062707  0.209286    0.000000    0.017628   0.017910   0.018516   0.025481   
26  2    2           0.077595   3  0  0  0  0  0  0  0.076142  0.202150    0.000000    0.015753   0.014127   0.014660   0.025481   
26  7    2           0.096410   3  0  0  0  0  0  0  0.094431  0.240830    0.000000    0.017498   0.018078   0.018481   0.025481   
26  4    2           0.057837   2  0  0  0  0  0  0  0.056421  0.196160    0.000000    0.017527   0.016457   0.016779   0.025481   
26  3    2           0.077224   3  0  0  0  0  0  0  0.075798  0.201871    0.000000    0.015810   0.014050   0.014689   0.025481   
26  5    2           0.057942   2  0  0  0  0  0  0  0.056553  0.194443    0.000000    0.017179   0.016145   0.016567   0.025481   
27  0    2           0.065938   2  0  0  0  0  0  0  0.064252  0.217195    0.066247    0.019259   0.018045   0.018540   0.016764   
27  1    2           0.097778   3  0  0  0  0  0  0  0.095726  0.249347    0.000000    0.019288   0.018202   0.018664   0.016764   
27  4    2           0.086806   3  0  0  0  0  0  0  0.085028  0.222492    0.000000    0.017484   0.016276   0.016603   0.016764   
27  5    2           0.057960   2  0  0  0  0  0  0  0.056569  0.192525    0.000000    0.017131   0.016015   0.016446   0.016764   
27  2    2           0.078171   3  0  0  0  0  0  0  0.076678  0.200903    0.000000    0.015752   0.014116   0.014692   0.016764   
27  3    2           0.051741   2  0  0  0  0  0  0  0.050609  0.174376    0.000000    0.015773   0.014045   0.014559   0.016764   
27  6    2           0.097073   3  0  0  0  0  0  0  0.095106  0.240388    0.000000    0.017680   0.017619   0.018458   0.016764   
27  7    2           0.064261   2  0  0  0  0  0  0  0.062709  0.208303    0.000000    0.017442   0.017755   0.018554   0.016764   
28  0    2           0.097530   3  0  0  0  0  0  0  0.095569  0.248021    0.066037    0.018930   0.018024   0.019092   0.015945   
28  1    2           0.033408   1  0  0  0  0  0  0  0.032194  0.184648    0.000000    0.018781   0.018129   0.018955   0.015945   
28  4    2           0.057420   2  0  0  0  0  0  0  0.056009  0.195617    0.000000    0.017502   0.016320   0.016830   0.015945   
28  2    2           0.052922   2  0  0  0  0  0  0  0.051737  0.178105    0.000000    0.015748   0.014239   0.014990   0.015945   
28  3    2           0.051936   2  0  0  0  0  0  0  0.050795  0.176058    0.000000    0.015766   0.014123   0.014543   0.015945   
28  5    2           0.057733   2  0  0  0  0  0  0  0.056355  0.194191    0.000000    0.017099   0.016175   0.016536   0.015945   
28  6    2           0.064289   2  0  0  0  0  0  0  0.062719  0.209415    0.000000    0.017568   0.017895   0.018399   0.015945   
28  7    2           0.064552   2  0  0  0  0  0  0  0.062982  0.209339    0.000000    0.017414   0.017869   0.018513   0.015945   
29  0    2           0.065529   2  0  0  0  0  0  0  0.063897  0.215504    0.065837    0.018829   0.017797   0.018849   0.021029   
29  1    2           0.101575   3  0  0  0  0  0  0  0.099587  0.253166    0.000000    0.019035   0.018771   0.018557   0.021029   
29  2    2           0.078314   3  0  0  0  0  0  0  0.076786  0.203705    0.000000    0.015697   0.014382   0.014630   0.021029   
29  3    2           0.077848   3  0  0  0  0  0  0  0.076342  0.204095    0.000000    0.015790   0.014353   0.014987   0.021029   
29  6    2           0.096301   3  0  0  0  0  0  0  0.094297  0.241602    0.000000    0.017618   0.017820   0.018411   0.021029   
29  4    2           0.086889   3  0  0  0  0  0  0  0.085132  0.224870    0.000000    0.017563   0.016354   0.016665   0.021029   
29  7    2           0.096187   3  0  0  0  0  0  0  0.094195  0.241650    0.000000    0.017463   0.017831   0.018636   0.021029   
29  5    2           0.086722   3  0  0  0  0  0  0  0.084990  0.223413    0.000000    0.017274   0.016176   0.016528   0.021029   
30  0    2           0.100225   3  0  0  0  0  0  0  0.097983  0.252156    0.065647    0.019190   0.018187   0.018604   0.021586   
30  1    2           0.065431   2  0  0  0  0  0  0  0.063670  0.218786    0.000000    0.019193   0.018410   0.018756   0.021586   
30  2    2           0.052364   2  0  0  0  0  0  0  0.051238  0.177303    0.000000    0.015764   0.014247   0.015424   0.021586   
30  3    2           0.078149   3  0  0  0  0  0  0  0.076667  0.201795    0.000000    0.015718   0.014361   0.014782   0.021586   
30  4    2           0.057831   2  0  0  0  0  0  0  0.056417  0.196383    0.000000    0.017716   0.016417   0.016840   0.021586   
30  6    2           0.064450   2  0  0  0  0  0  0  0.062859  0.209754    0.000000    0.017613   0.017747   0.018619   0.021586   
30  5    2           0.057835   2  0  0  0  0  0  0  0.056450  0.194156    0.000000    0.017213   0.016121   0.016537   0.021586   
30  7    2           0.064332   2  0  0  0  0  0  0  0.062759  0.209479    0.000000    0.017510   0.017951   0.018367   0.021586   
total max update time is: 10.1047

total max communication time is: 0.635078

total max wait time is: 2.87093

Total train time is 32.473 second.
