dim=3231961
procnum=8,synchronize!!!
#   RANK TRONIter-k  CG-time    HvIter-k             Hv-time   Update-time ObjectValue Problem    Gradient   Diagonal   Comm-time  
1   0    8           40.265301  5  10 14 15 18 26 55 33.478241 44.214633   0.043286    0.137148   0.149520   0.136878   0.995781   
1   1    8           40.188960  5  10 14 16 18 27 53 33.574879 44.161804   0.000000    0.135783   0.147415   0.134574   0.995781   
1   4    8           31.872437  5  9  14 15 19 26 54 24.804795 35.290945   0.000000    0.130732   0.150453   0.129499   0.995781   
1   2    8           37.349034  5  10 13 16 19 26 55 30.125831 41.086249   0.000000    0.122494   0.135149   0.118032   0.995781   
1   3    8           37.630641  5  10 14 15 18 27 55 30.357165 41.241865   0.000000    0.122468   0.135966   0.119966   0.995781   
1   5    8           40.310255  5  10 14 15 18 27 55 32.506679 44.392152   0.000000    0.131282   0.150382   0.130833   0.995781   
1   6    8           40.709220  5  9  12 15 19 25 55 33.123546 44.686026   0.000000    0.130816   0.152551   0.136456   0.995781   
1   7    8           44.288448  5  11 9  17 20 39 55 36.133420 48.173485   0.000000    0.129886   0.151798   0.134489   0.995781   
2   0    2           17.756818  65 0  0  0  0  0  0  14.836569 18.973924   0.034367    0.136310   0.149041   0.136898   1.004429   
2   1    2           18.033727  65 0  0  0  0  0  0  15.132029 19.210140   0.000000    0.137079   0.148701   0.135375   1.004429   
2   2    2           16.714102  65 0  0  0  0  0  0  13.652139 17.775565   0.000000    0.117310   0.132483   0.117636   1.004429   
2   4    1           0.000000   0  0  0  0  0  0  0  0.000000  0.601451    0.000000    0.102405   0.116843   0.109982   1.004429   
2   3    2           16.532859  64 0  0  0  0  0  0  13.510248 17.639690   0.000000    0.118976   0.134586   0.120736   1.004429   
2   6    2           14.758311  64 0  0  0  0  0  0  12.283650 15.887966   0.000000    0.129106   0.151097   0.135637   1.004429   
2   5    2           13.959008  64 0  0  0  0  0  0  11.501944 15.052175   0.000000    0.135828   0.151370   0.105839   1.004429   
2   7    1           0.000000   0  0  0  0  0  0  0  0.000000  0.759557    0.000000    0.130533   0.152009   0.135056   1.004429   
3   0    1           0.000000   0  0  0  0  0  0  0  0.000000  0.764066    0.031665    0.136099   0.148527   0.136937   1.002467   
3   1    1           0.000000   0  0  0  0  0  0  0  0.000000  0.762485    0.000000    0.136741   0.149177   0.135701   1.002467   
3   2    1           0.000000   0  0  0  0  0  0  0  0.000000  0.672207    0.000000    0.116715   0.130984   0.117243   1.002467   
3   3    1           0.000000   0  0  0  0  0  0  0  0.000000  0.685146    0.000000    0.119045   0.134449   0.120258   1.002467   
3   6    1           0.000000   0  0  0  0  0  0  0  0.000000  0.761798    0.000000    0.129514   0.151815   0.135768   1.002467   
3   7    3           26.444821  58 56 0  0  0  0  0  21.971841 27.942633   0.000000    0.129823   0.152384   0.135432   1.002467   
3   4    3           15.734569  64 29 0  0  0  0  0  12.507317 16.903873   0.000000    0.102276   0.116349   0.110789   1.002467   
3   5    1           0.000000   0  0  0  0  0  0  0  0.000000  0.765545    0.000000    0.135779   0.151317   0.130480   1.002467   
4   0    1           0.000000   0  0  0  0  0  0  0  0.000000  0.761595    0.031624    0.135604   0.148457   0.136996   0.998723   
4   1    1           0.000000   0  0  0  0  0  0  0  0.000000  0.758564    0.000000    0.136064   0.148643   0.135201   0.998723   
4   2    1           0.000000   0  0  0  0  0  0  0  0.000000  0.675088    0.000000    0.117012   0.131952   0.117699   0.998723   
4   6    1           0.000000   0  0  0  0  0  0  0  0.000000  0.753978    0.000000    0.128733   0.149243   0.134816   0.998723   
4   3    1           0.000000   0  0  0  0  0  0  0  0.000000  0.685776    0.000000    0.118742   0.134475   0.120930   0.998723   
4   7    1           0.000000   0  0  0  0  0  0  0  0.000000  0.760965    0.000000    0.130035   0.151906   0.136644   0.998723   
4   4    1           0.000000   0  0  0  0  0  0  0  0.000000  0.602283    0.000000    0.102425   0.116903   0.111284   0.998723   
4   5    1           0.000000   0  0  0  0  0  0  0  0.000000  0.737914    0.000000    0.135881   0.151112   0.105731   0.998723   
5   0    2           10.219494  36 0  0  0  0  0  0  8.223864  11.436605   0.027606    0.136664   0.148645   0.136886   0.993002   
5   1    2           10.177093  36 0  0  0  0  0  0  8.235702  11.406582   0.000000    0.136712   0.148626   0.135528   0.993002   
5   4    1           0.000000   0  0  0  0  0  0  0  0.000000  0.602535    0.000000    0.103324   0.117460   0.109514   0.993002   
5   6    2           8.286760   36 0  0  0  0  0  0  6.870906  9.411330    0.000000    0.129212   0.150262   0.134717   0.993002   
5   2    2           9.526015   37 0  0  0  0  0  0  7.738017  10.645225   0.000000    0.116934   0.131982   0.117490   0.993002   
5   5    2           7.991569   36 0  0  0  0  0  0  6.600137  9.093919    0.000000    0.138006   0.153675   0.106675   0.993002   
5   3    2           9.596480   37 0  0  0  0  0  0  7.791465  10.696768   0.000000    0.118784   0.134527   0.120759   0.993002   
5   7    1           0.000000   0  0  0  0  0  0  0  0.000000  0.758264    0.000000    0.130152   0.151982   0.135720   0.993002   
6   0    1           0.000000   0  0  0  0  0  0  0  0.000000  0.763920    0.027829    0.135959   0.148607   0.137478   1.004128   
6   1    1           0.000000   0  0  0  0  0  0  0  0.000000  0.760942    0.000000    0.136520   0.148819   0.135838   1.004128   
6   2    1           0.000000   0  0  0  0  0  0  0  0.000000  0.674808    0.000000    0.117239   0.131992   0.117130   1.004128   
6   3    1           0.000000   0  0  0  0  0  0  0  0.000000  0.685593    0.000000    0.118908   0.134642   0.120628   1.004128   
6   4    2           5.937469   35 0  0  0  0  0  0  4.710739  6.814910    0.000000    0.102312   0.118133   0.109396   1.004128   
6   6    1           0.000000   0  0  0  0  0  0  0  0.000000  0.747695    0.000000    0.128102   0.148489   0.134554   1.004128   
6   5    1           0.000000   0  0  0  0  0  0  0  0.000000  0.766321    0.000000    0.136603   0.151888   0.130136   1.004128   
6   7    2           12.013156  52 0  0  0  0  0  0  9.959825  13.140390   0.000000    0.130119   0.151705   0.137166   1.004128   
7   0    2           14.592294  62 0  0  0  0  0  0  12.234916 15.739490   0.027539    0.135837   0.148540   0.136557   0.991763   
7   1    1           0.000000   0  0  0  0  0  0  0  0.000000  0.755777    0.000000    0.135734   0.148777   0.135203   0.991763   
7   4    1           0.000000   0  0  0  0  0  0  0  0.000000  0.598503    0.000000    0.102165   0.116123   0.109645   0.991763   
7   6    1           0.000000   0  0  0  0  0  0  0  0.000000  0.754088    0.000000    0.128842   0.149212   0.134524   0.991763   
7   5    1           0.000000   0  0  0  0  0  0  0  0.000000  0.743587    0.000000    0.135809   0.151229   0.107928   0.991763   
7   2    1           0.000000   0  0  0  0  0  0  0  0.000000  0.673501    0.000000    0.117026   0.131422   0.117288   0.991763   
7   3    1           0.000000   0  0  0  0  0  0  0  0.000000  0.684474    0.000000    0.118904   0.134377   0.120445   0.991763   
7   7    1           0.000000   0  0  0  0  0  0  0  0.000000  0.761061    0.000000    0.130057   0.151811   0.136609   0.991763   
8   0    1           0.000000   0  0  0  0  0  0  0  0.000000  0.759796    0.025547    0.135544   0.148360   0.136597   0.849710   
8   1    3           27.313089  60 55 0  0  0  0  0  22.889946 28.844818   0.000000    0.136238   0.148323   0.135437   0.849710   
8   2    3           28.213235  62 63 0  0  0  0  0  23.111700 29.632850   0.000000    0.117184   0.131230   0.116844   0.849710   
8   3    2           16.027361  62 0  0  0  0  0  0  13.122171 17.129239   0.000000    0.119267   0.133992   0.120362   0.849710   
8   4    2           6.134409   28 0  0  0  0  0  0  4.785013  7.101450    0.000000    0.104339   0.116586   0.110090   0.849710   
8   5    2           15.432009  62 0  0  0  0  0  0  12.668678 16.550403   0.000000    0.136454   0.151228   0.131662   0.849710   
8   6    2           16.146094  62 0  0  0  0  0  0  13.230129 17.263915   0.000000    0.128376   0.148917   0.134198   0.849710   
8   7    2           9.228893   32 0  0  0  0  0  0  7.428222  10.436697   0.000000    0.130292   0.151765   0.136724   0.849710   
9   0    1           0.000000   0  0  0  0  0  0  0  0.000000  0.762447    0.025337    0.135443   0.149025   0.137375   0.991687   
9   1    1           0.000000   0  0  0  0  0  0  0  0.000000  0.758359    0.000000    0.135873   0.148601   0.135569   0.991687   
9   4    1           0.000000   0  0  0  0  0  0  0  0.000000  0.600170    0.000000    0.102148   0.115964   0.111268   0.991687   
9   5    1           0.000000   0  0  0  0  0  0  0  0.000000  0.742589    0.000000    0.136015   0.151556   0.105576   0.991687   
9   2    1           0.000000   0  0  0  0  0  0  0  0.000000  0.672995    0.000000    0.116937   0.131471   0.116951   0.991687   
9   6    2           8.497648   37 0  0  0  0  0  0  7.042781  9.613660    0.000000    0.128306   0.149051   0.134174   0.991687   
9   3    1           0.000000   0  0  0  0  0  0  0  0.000000  0.686202    0.000000    0.118853   0.134711   0.120754   0.991687   
9   7    1           0.000000   0  0  0  0  0  0  0  0.000000  0.758332    0.000000    0.130546   0.152012   0.137196   0.991687   
10  0    1           0.000000   0  0  0  0  0  0  0  0.000000  0.762679    0.024570    0.135491   0.148484   0.137060   0.995593   
10  1    1           0.000000   0  0  0  0  0  0  0  0.000000  0.760147    0.000000    0.136477   0.148538   0.135630   0.995593   
10  2    1           0.000000   0  0  0  0  0  0  0  0.000000  0.673698    0.000000    0.117026   0.131464   0.116959   0.995593   
10  6    1           0.000000   0  0  0  0  0  0  0  0.000000  0.748041    0.000000    0.128205   0.148521   0.134173   0.995593   
10  4    2           7.036106   32 0  0  0  0  0  0  5.488224  8.027752    0.000000    0.102298   0.116861   0.110073   0.995593   
10  3    1           0.000000   0  0  0  0  0  0  0  0.000000  0.685614    0.000000    0.118942   0.134633   0.120297   0.995593   
10  7    2           6.736282   29 0  0  0  0  0  0  5.562929  7.862425    0.000000    0.130476   0.151519   0.136473   0.995593   
10  5    2           12.751953  49 0  0  0  0  0  0  10.384922 13.868131   0.000000    0.135539   0.151128   0.131207   0.995593   
11  0    1           0.000000   0  0  0  0  0  0  0  0.000000  0.759470    0.023341    0.136203   0.148500   0.136928   1.005741   
11  1    2           12.557363  53 0  0  0  0  0  0  10.514003 13.702276   0.000000    0.136315   0.148521   0.135277   1.005741   
11  2    2           8.783113   34 0  0  0  0  0  0  7.109801  9.892621    0.000000    0.117005   0.131942   0.117310   1.005741   
11  3    2           9.330799   36 0  0  0  0  0  0  7.549239  10.331757   0.000000    0.118828   0.134604   0.120436   1.005741   
11  6    1           0.000000   0  0  0  0  0  0  0  0.000000  0.751910    0.000000    0.128450   0.149111   0.134130   1.005741   
11  4    1           0.000000   0  0  0  0  0  0  0  0.000000  0.600826    0.000000    0.102336   0.116794   0.109621   1.005741   
11  7    1           0.000000   0  0  0  0  0  0  0  0.000000  0.760026    0.000000    0.130138   0.151727   0.136548   1.005741   
11  5    1           0.000000   0  0  0  0  0  0  0  0.000000  0.740111    0.000000    0.135825   0.151490   0.105852   1.005741   
12  0    2           7.079604   30 0  0  0  0  0  0  5.909946  8.231032    0.022345    0.135545   0.149352   0.137105   1.000339   
12  1    1           0.000000   0  0  0  0  0  0  0  0.000000  0.759513    0.000000    0.136292   0.149245   0.135907   1.000339   
12  2    1           0.000000   0  0  0  0  0  0  0  0.000000  0.674121    0.000000    0.116951   0.131486   0.117278   1.000339   
12  3    1           0.000000   0  0  0  0  0  0  0  0.000000  0.685089    0.000000    0.118926   0.134181   0.120416   1.000339   
12  4    2           5.950978   35 0  0  0  0  0  0  4.717497  6.880687    0.000000    0.103731   0.116203   0.109860   1.000339   
12  6    1           0.000000   0  0  0  0  0  0  0  0.000000  0.749949    0.000000    0.128612   0.148527   0.134507   1.000339   
12  5    1           0.000000   0  0  0  0  0  0  0  0.000000  0.766765    0.000000    0.137313   0.151048   0.131294   1.000339   
12  7    2           11.567526  50 0  0  0  0  0  0  9.582412  12.694172   0.000000    0.130796   0.151303   0.136674   1.000339   
13  0    1           0.000000   0  0  0  0  0  0  0  0.000000  0.753861    0.022236    0.135041   0.146687   0.135510   1.004186   
13  1    2           11.785632  50 0  0  0  0  0  0  9.865297  12.928489   0.000000    0.136864   0.147609   0.135320   1.004186   
13  2    2           8.249725   32 0  0  0  0  0  0  6.685194  9.356730    0.000000    0.117131   0.131101   0.116962   1.004186   
13  3    2           8.794231   34 0  0  0  0  0  0  7.122222  9.794111    0.000000    0.119027   0.134122   0.120625   1.004186   
13  6    1           0.000000   0  0  0  0  0  0  0  0.000000  0.748880    0.000000    0.128707   0.148856   0.134080   1.004186   
13  4    1           0.000000   0  0  0  0  0  0  0  0.000000  0.706075    0.000000    0.121604   0.141962   0.125056   1.004186   
13  7    1           0.000000   0  0  0  0  0  0  0  0.000000  0.759625    0.000000    0.130258   0.152145   0.136497   1.004186   
13  5    1           0.000000   0  0  0  0  0  0  0  0.000000  0.717224    0.000000    0.123116   0.143972   0.126368   1.004186   
14  0    2           7.074684   30 0  0  0  0  0  0  5.903274  8.218879    0.021995    0.135583   0.147141   0.135980   0.997259   
14  1    1           0.000000   0  0  0  0  0  0  0  0.000000  0.757902    0.000000    0.136931   0.148574   0.135915   0.997259   
14  2    1           0.000000   0  0  0  0  0  0  0  0.000000  0.674607    0.000000    0.117025   0.131652   0.117062   0.997259   
14  3    1           0.000000   0  0  0  0  0  0  0  0.000000  0.685309    0.000000    0.118834   0.134334   0.120571   0.997259   
14  6    1           0.000000   0  0  0  0  0  0  0  0.000000  0.750857    0.000000    0.128256   0.148971   0.134629   0.997259   
14  4    1           0.000000   0  0  0  0  0  0  0  0.000000  0.708790    0.000000    0.121725   0.142278   0.125460   0.997259   
14  7    1           0.000000   0  0  0  0  0  0  0  0.000000  0.759930    0.000000    0.130269   0.151631   0.136894   0.997259   
14  5    2           9.199308   43 0  0  0  0  0  0  7.554312  10.263297   0.000000    0.123142   0.143847   0.126731   0.997259   
15  0    1           0.000000   0  0  0  0  0  0  0  0.000000  0.757644    0.021366    0.135500   0.146565   0.135657   1.004621   
15  1    1           0.000000   0  0  0  0  0  0  0  0.000000  0.758272    0.000000    0.136782   0.147449   0.135516   1.004621   
15  4    2           7.289776   27 0  0  0  0  0  0  5.754766  8.458266    0.000000    0.124330   0.143954   0.125163   1.004621   
15  2    1           0.000000   0  0  0  0  0  0  0  0.000000  0.673062    0.000000    0.117342   0.130938   0.117210   1.004621   
15  3    1           0.000000   0  0  0  0  0  0  0  0.000000  0.685460    0.000000    0.119228   0.134192   0.120452   1.004621   
15  6    2           8.040216   28 0  0  0  0  0  0  6.454829  9.261821    0.000000    0.128550   0.149114   0.134203   1.004621   
15  5    2           7.614439   28 0  0  0  0  0  0  5.975627  8.711845    0.000000    0.125704   0.145409   0.126631   1.004621   
15  7    2           9.552335   34 0  0  0  0  0  0  7.675851  10.679488   0.000000    0.130416   0.151809   0.136652   1.004621   
16  0    1           0.000000   0  0  0  0  0  0  0  0.000000  0.751937    0.021040    0.134451   0.146551   0.135602   1.003344   
16  1    2           8.236956   35 0  0  0  0  0  0  6.871517  9.378619    0.000000    0.135954   0.148191   0.135735   1.003344   
16  4    2           6.924993   34 0  0  0  0  0  0  5.653219  7.964686    0.000000    0.122665   0.141415   0.125198   1.003344   
16  2    2           6.952866   27 0  0  0  0  0  0  5.638012  8.069772    0.000000    0.117246   0.130986   0.116916   1.003344   
16  5    1           0.000000   0  0  0  0  0  0  0  0.000000  0.715969    0.000000    0.124089   0.142722   0.126680   1.003344   
16  3    2           7.013823   27 0  0  0  0  0  0  5.688490  8.117251    0.000000    0.119034   0.134629   0.121053   1.003344   
16  6    2           7.801334   27 0  0  0  0  0  0  6.216829  8.969679    0.000000    0.128455   0.148821   0.134255   1.003344   
16  7    2           7.543156   26 0  0  0  0  0  0  5.959076  8.765645    0.000000    0.130408   0.151541   0.136532   1.003344   
17  0    2           5.455634   23 0  0  0  0  0  0  4.543659  6.599944    0.020485    0.135374   0.146356   0.136126   0.991605   
17  1    1           0.000000   0  0  0  0  0  0  0  0.000000  0.756599    0.000000    0.136857   0.147538   0.135963   0.991605   
17  2    1           0.000000   0  0  0  0  0  0  0  0.000000  0.673831    0.000000    0.117237   0.131546   0.117143   0.991605   
17  3    2           5.335298   27 0  0  0  0  0  0  4.349777  6.338953    0.000000    0.119107   0.134646   0.120328   0.991605   
17  6    1           0.000000   0  0  0  0  0  0  0  0.000000  0.752501    0.000000    0.128502   0.149121   0.134667   0.991605   
17  4    1           0.000000   0  0  0  0  0  0  0  0.000000  0.712480    0.000000    0.121895   0.141881   0.126287   0.991605   
17  7    1           0.000000   0  0  0  0  0  0  0  0.000000  0.760928    0.000000    0.130444   0.151793   0.136675   0.991605   
17  5    1           0.000000   0  0  0  0  0  0  0  0.000000  0.720399    0.000000    0.123078   0.143022   0.127566   0.991605   
18  0    1           0.000000   0  0  0  0  0  0  0  0.000000  0.757120    0.020356    0.135200   0.146689   0.135948   1.004157   
18  1    2           5.912336   25 0  0  0  0  0  0  4.916418  7.059597    0.000000    0.136163   0.147761   0.136252   1.004157   
18  2    2           4.894810   25 0  0  0  0  0  0  3.991282  5.879717    0.000000    0.116858   0.130970   0.116867   1.004157   
18  3    1           0.000000   0  0  0  0  0  0  0  0.000000  0.685070    0.000000    0.118961   0.134359   0.120340   1.004157   
18  4    1           0.000000   0  0  0  0  0  0  0  0.000000  0.706120    0.000000    0.121955   0.140828   0.124821   1.004157   
18  6    1           0.000000   0  0  0  0  0  0  0  0.000000  0.756170    0.000000    0.128593   0.149608   0.134460   1.004157   
18  5    1           0.000000   0  0  0  0  0  0  0  0.000000  0.717077    0.000000    0.123079   0.142739   0.126563   1.004157   
18  7    1           0.000000   0  0  0  0  0  0  0  0.000000  0.762528    0.000000    0.130056   0.151881   0.136310   1.004157   
19  0    2           5.433126   23 0  0  0  0  0  0  4.521585  6.579646    0.020333    0.136105   0.147807   0.135935   0.995447   
19  1    1           0.000000   0  0  0  0  0  0  0  0.000000  0.759143    0.000000    0.136987   0.148988   0.136208   0.995447   
19  2    1           0.000000   0  0  0  0  0  0  0  0.000000  0.673223    0.000000    0.116886   0.131075   0.117205   0.995447   
19  3    1           0.000000   0  0  0  0  0  0  0  0.000000  0.685422    0.000000    0.118828   0.134429   0.120307   0.995447   
19  4    1           0.000000   0  0  0  0  0  0  0  0.000000  0.707007    0.000000    0.121654   0.141108   0.124806   0.995447   
19  6    1           0.000000   0  0  0  0  0  0  0  0.000000  0.748917    0.000000    0.128509   0.148540   0.134283   0.995447   
19  7    1           0.000000   0  0  0  0  0  0  0  0.000000  0.759509    0.000000    0.130306   0.151582   0.136747   0.995447   
19  5    2           9.016803   42 0  0  0  0  0  0  7.415450  10.081099   0.000000    0.122994   0.142607   0.126535   0.995447   
20  0    1           0.000000   0  0  0  0  0  0  0  0.000000  0.753938    0.020320    0.134490   0.146980   0.135685   1.611257   
20  1    2           5.683596   24 0  0  0  0  0  0  4.718183  6.868011    0.000000    0.136099   0.148417   0.135507   1.611257   
20  2    2           4.904946   25 0  0  0  0  0  0  4.001539  5.890741    0.000000    0.117287   0.130886   0.117541   1.611257   
20  4    1           0.000000   0  0  0  0  0  0  0  0.000000  0.706288    0.000000    0.121557   0.141025   0.124953   1.611257   
20  3    1           0.000000   0  0  0  0  0  0  0  0.000000  0.685314    0.000000    0.119198   0.134313   0.120722   1.611257   
20  6    1           0.000000   0  0  0  0  0  0  0  0.000000  0.752992    0.000000    0.128755   0.148871   0.134910   1.611257   
20  5    1           0.000000   0  0  0  0  0  0  0  0.000000  0.718277    0.000000    0.122968   0.143039   0.126499   1.611257   
20  7    1           0.000000   0  0  0  0  0  0  0  0.000000  0.761214    0.000000    0.130151   0.151855   0.136840   1.611257   
21  0    2           5.753407   24 0  0  0  0  0  0  4.797902  6.886962    0.020637    0.132976   0.142636   0.135988   1.376090   
21  1    1           0.000000   0  0  0  0  0  0  0  0.000000  0.781747    0.000000    0.149292   0.158384   0.129271   1.376090   
21  2    1           0.000000   0  0  0  0  0  0  0  0.000000  0.674088    0.000000    0.116969   0.131331   0.117150   1.376090   
21  6    1           0.000000   0  0  0  0  0  0  0  0.000000  0.754772    0.000000    0.128831   0.149069   0.134680   1.376090   
21  4    1           0.000000   0  0  0  0  0  0  0  0.000000  0.705243    0.000000    0.121389   0.141015   0.124815   1.376090   
21  3    1           0.000000   0  0  0  0  0  0  0  0.000000  0.684926    0.000000    0.118656   0.134500   0.120223   1.376090   
21  7    1           0.000000   0  0  0  0  0  0  0  0.000000  0.761686    0.000000    0.130277   0.151615   0.136698   1.376090   
21  5    2           5.585825   26 0  0  0  0  0  0  4.575551  6.650236    0.000000    0.122914   0.142750   0.126706   1.376090   
22  0    1           0.000000   0  0  0  0  0  0  0  0.000000  0.794698    0.020858    0.142385   0.156064   0.140113   0.849075   
22  1    2           4.457227   24 0  0  0  0  0  0  3.658587  5.372848    0.000000    0.112230   0.120195   0.113255   0.849075   
22  2    2           4.704398   24 0  0  0  0  0  0  3.834599  5.690072    0.000000    0.117347   0.130825   0.117434   0.849075   
22  6    1           0.000000   0  0  0  0  0  0  0  0.000000  0.751412    0.000000    0.128107   0.149057   0.134492   0.849075   
22  3    1           0.000000   0  0  0  0  0  0  0  0.000000  0.685677    0.000000    0.119214   0.134521   0.120817   0.849075   
22  7    1           0.000000   0  0  0  0  0  0  0  0.000000  0.760435    0.000000    0.130254   0.151762   0.136710   0.849075   
22  4    1           0.000000   0  0  0  0  0  0  0  0.000000  0.707254    0.000000    0.121754   0.141258   0.125317   0.849075   
22  5    1           0.000000   0  0  0  0  0  0  0  0.000000  0.718042    0.000000    0.123006   0.142826   0.126908   0.849075   
23  0    2           4.990037   21 0  0  0  0  0  0  4.154123  6.145662    0.020902    0.141572   0.154753   0.117009   0.996108   
23  1    1           0.000000   0  0  0  0  0  0  0  0.000000  0.602041    0.000000    0.109577   0.116847   0.111819   0.996108   
23  2    1           0.000000   0  0  0  0  0  0  0  0.000000  0.672795    0.000000    0.116736   0.131086   0.117134   0.996108   
23  4    1           0.000000   0  0  0  0  0  0  0  0.000000  0.704770    0.000000    0.121467   0.140893   0.124808   0.996108   
23  3    1           0.000000   0  0  0  0  0  0  0  0.000000  0.685940    0.000000    0.118914   0.134415   0.120460   0.996108   
23  6    1           0.000000   0  0  0  0  0  0  0  0.000000  0.750501    0.000000    0.128515   0.149122   0.134386   0.996108   
23  7    1           0.000000   0  0  0  0  0  0  0  0.000000  0.760952    0.000000    0.130341   0.151998   0.137249   0.996108   
23  5    2           5.161238   24 0  0  0  0  0  0  4.224369  6.227214    0.000000    0.122973   0.142700   0.126714   0.996108   
24  0    1           0.000000   0  0  0  0  0  0  0  0.000000  0.790144    0.020842    0.141742   0.155359   0.138340   0.851924   
24  1    2           4.239402   23 0  0  0  0  0  0  3.474847  5.142612    0.000000    0.109780   0.118677   0.111045   0.851924   
24  2    2           4.696201   24 0  0  0  0  0  0  3.828016  5.683356    0.000000    0.117486   0.131308   0.117174   0.851924   
24  3    1           0.000000   0  0  0  0  0  0  0  0.000000  0.685791    0.000000    0.119212   0.134338   0.120625   0.851924   
24  6    1           0.000000   0  0  0  0  0  0  0  0.000000  0.747592    0.000000    0.128234   0.148422   0.134162   0.851924   
24  7    1           0.000000   0  0  0  0  0  0  0  0.000000  0.758414    0.000000    0.130428   0.151665   0.136640   0.851924   
24  4    1           0.000000   0  0  0  0  0  0  0  0.000000  0.707384    0.000000    0.121713   0.141179   0.126345   0.851924   
24  5    1           0.000000   0  0  0  0  0  0  0  0.000000  0.718153    0.000000    0.123144   0.143046   0.126987   0.851924   
25  0    2           5.450937   23 0  0  0  0  0  0  4.539573  6.605980    0.020033    0.141843   0.155502   0.116196   1.003475   
25  1    1           0.000000   0  0  0  0  0  0  0  0.000000  0.600012    0.000000    0.109208   0.116318   0.111297   1.003475   
25  2    1           0.000000   0  0  0  0  0  0  0  0.000000  0.672786    0.000000    0.116893   0.130928   0.116976   1.003475   
25  4    1           0.000000   0  0  0  0  0  0  0  0.000000  0.706142    0.000000    0.121602   0.141039   0.124913   1.003475   
25  3    2           6.680209   34 0  0  0  0  0  0  5.454990  7.683373    0.000000    0.119022   0.134070   0.120222   1.003475   
25  6    1           0.000000   0  0  0  0  0  0  0  0.000000  0.750879    0.000000    0.128281   0.148692   0.134309   1.003475   
25  5    1           0.000000   0  0  0  0  0  0  0  0.000000  0.717099    0.000000    0.122867   0.142862   0.126548   1.003475   
25  7    1           0.000000   0  0  0  0  0  0  0  0.000000  0.759794    0.000000    0.130152   0.151364   0.136626   1.003475   
26  0    1           0.000000   0  0  0  0  0  0  0  0.000000  0.790800    0.020184    0.142591   0.155029   0.139512   0.851017   
26  1    2           4.307582   23 0  0  0  0  0  0  3.547212  5.210418    0.000000    0.110201   0.117158   0.110855   0.851017   
26  4    1           0.000000   0  0  0  0  0  0  0  0.000000  0.705221    0.000000    0.121593   0.140786   0.125122   0.851017   
26  5    2           4.150089   19 0  0  0  0  0  0  3.383928  5.215791    0.000000    0.123485   0.142456   0.126764   0.851017   
26  2    2           4.717844   24 0  0  0  0  0  0  3.850050  5.705426    0.000000    0.117332   0.131511   0.117315   0.851017   
26  6    1           0.000000   0  0  0  0  0  0  0  0.000000  0.746891    0.000000    0.128216   0.148128   0.134022   0.851017   
26  3    1           0.000000   0  0  0  0  0  0  0  0.000000  0.685707    0.000000    0.119112   0.134412   0.120650   0.851017   
26  7    1           0.000000   0  0  0  0  0  0  0  0.000000  0.757721    0.000000    0.130503   0.151430   0.136580   0.851017   
27  0    3           10.746068  24 21 0  0  0  0  0  8.977331  12.291491   0.020628    0.141579   0.156406   0.116489   0.848739   
27  1    1           0.000000   0  0  0  0  0  0  0  0.000000  0.600791    0.000000    0.109199   0.116404   0.111134   0.848739   
27  4    1           0.000000   0  0  0  0  0  0  0  0.000000  0.706435    0.000000    0.121732   0.140548   0.124951   0.848739   
27  2    1           0.000000   0  0  0  0  0  0  0  0.000000  0.672994    0.000000    0.116786   0.130883   0.117289   0.848739   
27  5    1           0.000000   0  0  0  0  0  0  0  0.000000  0.717580    0.000000    0.123074   0.142601   0.126550   0.848739   
27  3    2           5.516642   28 0  0  0  0  0  0  4.498989  6.520205    0.000000    0.118774   0.134154   0.120521   0.848739   
27  6    1           0.000000   0  0  0  0  0  0  0  0.000000  0.752202    0.000000    0.128554   0.149058   0.134271   0.848739   
27  7    1           0.000000   0  0  0  0  0  0  0  0.000000  0.760528    0.000000    0.130257   0.151774   0.136569   0.848739   
28  0    1           0.000000   0  0  0  0  0  0  0  0.000000  0.790801    0.020683    0.142393   0.155519   0.138314   0.851713   
28  1    2           4.972685   27 0  0  0  0  0  0  4.086142  5.874592    0.000000    0.109579   0.116914   0.111504   0.851713   
28  2    2           5.281045   27 0  0  0  0  0  0  4.309706  6.266622    0.000000    0.117077   0.131048   0.117415   0.851713   
28  4    1           0.000000   0  0  0  0  0  0  0  0.000000  0.709767    0.000000    0.121987   0.142637   0.125227   0.851713   
28  3    1           0.000000   0  0  0  0  0  0  0  0.000000  0.685396    0.000000    0.119238   0.133996   0.120957   0.851713   
28  6    1           0.000000   0  0  0  0  0  0  0  0.000000  0.751918    0.000000    0.128329   0.149166   0.134081   0.851713   
28  5    2           4.324110   20 0  0  0  0  0  0  3.522993  5.388958    0.000000    0.123162   0.144111   0.126729   0.851713   
28  7    1           0.000000   0  0  0  0  0  0  0  0.000000  0.760470    0.000000    0.130465   0.151560   0.136636   0.851713   
29  0    2           5.227602   22 0  0  0  0  0  0  4.356998  6.382701    0.020688    0.141581   0.155681   0.116221   0.848654   
29  1    1           0.000000   0  0  0  0  0  0  0  0.000000  0.601226    0.000000    0.109419   0.116486   0.111463   0.848654   
29  4    1           0.000000   0  0  0  0  0  0  0  0.000000  0.706177    0.000000    0.121720   0.141055   0.125040   0.848654   
29  5    1           0.000000   0  0  0  0  0  0  0  0.000000  0.717080    0.000000    0.123118   0.142733   0.126461   0.848654   
29  2    1           0.000000   0  0  0  0  0  0  0  0.000000  0.673554    0.000000    0.116895   0.131083   0.117126   0.848654   
29  6    1           0.000000   0  0  0  0  0  0  0  0.000000  0.752015    0.000000    0.128608   0.148757   0.134554   0.848654   
29  3    1           0.000000   0  0  0  0  0  0  0  0.000000  0.685308    0.000000    0.118723   0.134465   0.120222   0.848654   
29  7    1           0.000000   0  0  0  0  0  0  0  0.000000  0.760427    0.000000    0.130366   0.151451   0.137120   0.848654   
30  0    1           0.000000   0  0  0  0  0  0  0  0.000000  0.794139    0.020897    0.142638   0.155648   0.139832   1.003627   
30  1    2           4.471359   24 0  0  0  0  0  0  3.680129  5.375892    0.000000    0.109337   0.118599   0.111758   1.003627   
total max update time is: 30  2    2           6.220962   24 0  0  0  0  0  0  5.009799  7.331428    0.000000    0.117107   0.131328   0.117189   1.003627   
30  6    1           0.000000   0  0  0  0  0  0  0  0.000000  0.750388    0.000000    0.128557   0.148513   0.134389   1.003627   
30  4    1           0.000000   0  0  0  0  0  0  0  0.000000  0.705656    0.000000    0.121547   0.140712   0.125952   1.003627   
360.55

30  3    2           6.958585   27 0  0  0  0  0  0  5.601966  7.959021    0.000000    0.119083   0.134176   0.120553   1.003627   
30  7    1           0.000000   0  0  0  0  0  0  0  0.000000  0.759547    0.000000    0.130230   0.151399   0.136657   1.003627   
30  5    2           4.744998   22 0  0  0  0  0  0  3.880808  5.811751    0.000000    0.123255   0.142539   0.127691   1.003627   
total max communication time is: 29.9257

total max wait time is: 306.185

Total train time is 411.497 second.
