dim=3231961
procnum = 64,synchronize!!!
Max Iterations = 50
#   RANK ObjectValue Accuracy   SumIterTime   SumUpdaTime SumWaitTime  SumSynTime AvUpdaTime   AvWaitTime  AvSynTime   SparseRatio Rho 
1   0    0.273583    0.961872   3.122497         0.045888    3.076609    2.662576 0.045888     3.076609    2.662576    0.042916    1.000000
2   0    0.110661    0.976126   10.225362        4.032065    6.193297    5.416898 3.986177     3.116688    2.754322    0.042916    1.000000
3   0    0.069443    0.980888   18.079657        8.798629    9.281028    8.126420 4.766564     3.087731    2.709523    0.042916    1.000000
4   0    0.047896    0.984606   26.460913       14.123416   12.337497   10.804842 5.324787     3.056469    2.678422    0.042916    1.000000
5   0    0.033959    0.989068   35.836144       20.432514   15.403631   13.468587 6.309098     3.066134    2.663745    0.042916    1.000000
6   0    0.026411    0.991465   46.540942       28.088643   18.452299   16.153793 7.656130     3.048668    2.685206    0.042916    1.000000
7   0    0.022646    0.992544   59.054737       37.545361   21.509376   18.847027 9.456718     3.057077    2.693233    0.042916    1.000000
8   0    0.020663    0.993519   71.990333       47.422836   24.567497   21.527159 9.877475     3.058121    2.680132    0.042916    1.000000
9   0    0.020616    0.993673   75.544852       47.931042   27.613810   24.215249 0.508206     3.046313    2.688090    0.042916    2.000000
10  0    0.020324    0.993959   85.260810       54.588524   30.672286   26.899285 6.657482     3.058476    2.684036    0.042916    2.000000
11  0    0.020248    0.993921   89.565199       55.871860   33.693338   29.569664 1.283336     3.021052    2.670379    0.042916    2.000000
12  0    0.020241    0.993924   93.113721       56.359967   36.753754   32.261548 0.488107     3.060416    2.691884    0.042916    2.000000
13  0    0.020015    0.994007   99.619681       59.755009   39.864672   34.960739 3.395041     3.110918    2.699192    0.042916    2.000000
14  0    0.019472    0.994216   107.884096      64.944979   42.939116   37.638621 5.189971     3.074444    2.677882    0.042916    2.000000
15  0    0.019412    0.994224   113.314876      67.317518   45.997358   40.306101 2.372538     3.058242    2.667480    0.042916    2.000000
16  0    0.019178    0.994305   122.396813      73.302740   49.094073   43.005339 5.985222     3.096715    2.699238    0.042916    2.000000
17  0    0.019182    0.994299   125.934275      73.790793   52.143482   45.698726 0.488053     3.049409    2.693387    0.042916    4.000000
18  0    0.018928    0.994366   133.522405      78.300849   55.221556   48.412074 4.510056     3.078074    2.713347    0.042916    4.000000
19  0    0.018873    0.994366   139.505899      81.201863   58.304036   51.082280 2.901014     3.082480    2.670206    0.042916    4.000000
20  0    0.018794    0.994391   146.410759      85.050504   61.360255   53.775717 3.848640     3.056219    2.693437    0.042916    4.000000
21  0    0.018794    0.994393   150.864198      86.454643   64.409555   56.457459 1.404139     3.049300    2.681742    0.042916    4.000000
22  0    0.018654    0.994429   157.441355      89.954507   67.486848   59.146547 3.499864     3.077293    2.689088    0.042916    4.000000
23  0    0.018642    0.994439   162.240877      91.695148   70.545729   61.840263 1.740640     3.058881    2.693716    0.042916    4.000000
24  0    0.018560    0.994437   169.400517      95.810088   73.590428   64.519583 4.114941     3.044699    2.679320    0.042916    4.000000
25  0    0.018549    0.994439   174.063689      97.385704   76.677986   67.217405 1.575615     3.087557    2.697822    0.042916    4.000000
26  0    0.018384    0.994497   181.378894     101.657072   79.721822   69.897805 4.271368     3.043837    2.680400    0.042916    4.000000
27  0    0.018346    0.994504   186.797559     103.990426   82.807133   72.602302 2.333354     3.085311    2.704497    0.042916    4.000000
28  0    0.018286    0.994510   193.826636     107.945017   85.881618   75.289128 3.954592     3.074485    2.686826    0.042916    4.000000
29  0    0.018251    0.994520   199.158938     110.184416   88.974522   77.995120 2.239399     3.092903    2.705992    0.042916    4.000000
30  0    0.018189    0.994537   205.249845     113.224748   92.025097   80.669998 3.040332     3.050575    2.674878    0.042916    4.000000
31  0    0.018103    0.994570   211.292226     116.168980   95.123246   83.358222 2.944232     3.098150    2.688224    0.042916    4.000000
32  0    0.018083    0.994568   217.052145     118.820317   98.231828   86.098250 2.651337     3.108582    2.740027    0.042916    4.000000
33  0    0.018049    0.994570   223.836933     122.521318  101.315615   88.807519 3.701001     3.083787    2.709269    0.042916    4.000000
34  0    0.018036    0.994577   228.985069     124.601745  104.383325   91.480384 2.080427     3.067710    2.672866    0.042916    4.000000
35  0    0.017924    0.994616   235.199258     127.748376  107.450882   94.174062 3.146632     3.067557    2.693677    0.042916    4.000000
36  0    0.017901    0.994604   240.818039     130.282056  110.535983   96.885491 2.533680     3.085101    2.711430    0.042916    4.000000
37  0    0.017868    0.994627   247.177072     133.555516  113.621556   99.603881 3.273460     3.085574    2.718390    0.042916    4.000000
38  0    0.017862    0.994602   252.166495     135.442472  116.724023  102.284813 1.886956     3.102467    2.680931    0.042916    4.000000
39  0    0.017776    0.994656   258.928670     139.129280  119.799391  104.990362 3.686808     3.075367    2.705550    0.042916    4.000000
40  0    0.017753    0.994664   264.187010     141.305780  122.881231  107.700150 2.176500     3.081840    2.709788    0.042916    4.000000
41  0    0.017716    0.994648   270.577141     144.622705  125.954436  110.387494 3.316925     3.073205    2.687344    0.042916    4.000000
42  0    0.017717    0.994639   276.803149     147.783436  129.019713  113.097466 3.160731     3.065277    2.709972    0.042916    4.000000
43  0    0.017648    0.994675   282.929632     150.844130  132.085502  115.778044 3.060695     3.065789    2.680578    0.042916    4.000000
44  0    0.017627    0.994687   288.045000     152.905743  135.139258  118.455260 2.061613     3.053756    2.677216    0.042916    4.000000
45  0    0.017612    0.994687   294.160968     155.945052  138.215916  121.144317 3.039309     3.076659    2.689057    0.042916    4.000000
46  0    0.017599    0.994681   300.388523     159.124931  141.263591  123.832504 3.179879     3.047675    2.688187    0.042916    4.000000
47  0    0.017571    0.994691   306.047581     161.726016  144.321565  126.515081 2.601085     3.057973    2.682577    0.042916    4.000000
48  0    0.017520    0.994729   311.591663     164.206767  147.384897  129.184950 2.480751     3.063332    2.669870    0.042916    4.000000
49  0    0.017511    0.994729   316.990233     166.535756  150.454477  131.873124 2.328989     3.069581    2.688174    0.042916    4.000000
50  0    0.017518    0.994708   323.250701     169.731751  153.518950  134.563343 3.195995     3.064473    2.690219    0.042916    4.000000
total average training time is: 459.03

total average update time is: 169.732

total average wait time is: 153.519

total average synchronization time is: 134.563

Total train time is 468.239 second.
