dim=3231961
procnum = 16,synchronize!!!
Max Iterations = 50
#   RANK ObjectValue Accuracy   SumIterTime AvUpdateTime AvWaitTime AvSynchTime SparseRatio Rho 
1   0    0.693147    0.330222   4.257406    1.534081     2.723325   2.702588    0.127973    1.000000
2   0    0.693147    0.330222   9.458088    2.438118     2.762564   2.742015    0.127973    1.000000
3   0    0.693147    0.330222   15.007426   2.852622     2.696717   2.676394    0.127973    1.000000
4   0    0.693147    0.330222   20.908479   3.195224     2.705829   2.685249    0.127973    1.000000
5   0    0.693147    0.330222   28.730165   5.062746     2.758940   2.738503    0.127973    1.000000
6   0    0.693147    0.330222   41.667132   10.211244    2.725723   2.704722    0.127973    1.000000
7   0    0.693147    0.330222   54.242765   9.826885     2.748748   2.728064    0.127973    1.000000
8   0    0.693147    0.330222   57.545443   0.569498     2.733181   2.712733    0.127973    1.000000
9   0    0.693147    0.330222   60.743467   0.439284     2.758739   2.737985    0.127973    1.000000
10  0    0.693147    0.330222   76.719047   13.217029    2.758551   2.737535    0.127973    1.000000
11  0    0.693147    0.330222   89.090301   9.612121     2.759132   2.738892    0.127973    1.000000
12  0    0.693147    0.330222   103.313330  11.466397    2.756632   2.736213    0.127973    1.000000
13  0    0.693147    0.330222   116.557367  10.459210    2.784828   2.764399    0.127973    1.000000
14  0    0.693147    0.330222   130.053456  10.729814    2.766275   2.745938    0.127973    1.000000
15  0    0.693147    0.330222   142.816499  10.013599    2.749444   2.728918    0.127973    1.000000
16  0    0.693147    0.330222   155.452773  9.881752     2.754522   2.731533    0.127973    1.000000
17  0    0.693147    0.330222   171.547561  13.344422    2.750366   2.730024    0.127973    1.000000
18  0    0.693147    0.330222   188.713051  14.404107    2.761382   2.741147    0.127973    1.000000
19  0    0.693147    0.330222   204.656784  13.190093    2.753640   2.733231    0.127973    1.000000
20  0    0.693147    0.330222   220.134292  12.720439    2.757068   2.736752    0.127973    1.000000
21  0    0.693147    0.330222   233.476557  10.583604    2.758661   2.734673    0.127973    1.000000
22  0    0.693147    0.330222   248.817014  12.587508    2.752949   2.732590    0.127973    1.000000
23  0    0.693147    0.330222   264.194570  12.624139    2.753417   2.732948    0.127973    1.000000
24  0    0.693147    0.330222   277.542491  10.607313    2.740609   2.719951    0.127973    1.000000
25  0    0.693147    0.330222   289.939271  9.660807     2.735973   2.715447    0.127973    1.000000
26  0    0.693147    0.330222   304.685171  11.999559    2.746341   2.725715    0.127973    1.000000
27  0    0.693147    0.330222   318.428009  10.989644    2.753193   2.732744    0.127973    1.000000
28  0    0.693147    0.330222   332.943331  11.762194    2.753128   2.730779    0.127973    1.000000
29  0    0.693147    0.330222   345.502487  9.813811     2.745345   2.724806    0.127973    1.000000
30  0    0.693147    0.330222   363.277876  15.033689    2.741699   2.721134    0.127973    1.000000
31  0    0.693147    0.330222   378.041271  12.011056    2.752339   2.732108    0.127973    1.000000
32  0    0.693147    0.330222   391.451400  10.661708    2.748421   2.728208    0.127973    1.000000
33  0    0.693147    0.330222   404.030038  9.821049     2.757589   2.736342    0.127973    1.000000
34  0    0.693147    0.330222   417.165514  10.380250    2.755225   2.735023    0.127973    1.000000
35  0    0.693147    0.330222   430.734463  10.818820    2.750129   2.727347    0.127973    1.000000
36  0    0.693147    0.330222   443.893062  10.410442    2.748157   2.726778    0.127973    1.000000
37  0    0.693147    0.330222   456.444771  9.791995     2.759714   2.738656    0.127973    1.000000
38  0    0.693147    0.330222   467.943764  8.769515     2.729478   2.709120    0.127973    1.000000
39  0    0.693147    0.330222   480.016103  9.300508     2.771831   2.751296    0.127973    1.000000
40  0    0.693147    0.330222   495.152085  12.390213    2.745770   2.725322    0.127973    1.000000
41  0    0.693147    0.330222   509.138076  11.232555    2.753436   2.729937    0.127973    1.000000
42  0    0.693147    0.330222   527.306007  15.421324    2.746607   2.726168    0.127973    1.000000
43  0    0.693147    0.330222   547.161098  17.104897    2.750194   2.725460    0.127973    1.000000
44  0    0.693147    0.330222   570.545863  20.634517    2.750248   2.728089    0.127973    1.000000
45  0    0.693147    0.330222   587.556856  14.267714    2.743279   2.723046    0.127973    1.000000
46  0    0.693147    0.330222   610.387300  20.083290    2.747153   2.726938    0.127973    1.000000
47  0    0.693147    0.330222   629.196902  16.050785    2.758817   2.736703    0.127973    1.000000
48  0    0.693147    0.330222   646.765631  14.812294    2.756435   2.736070    0.127973    1.000000
49  0    0.693147    0.330222   664.536260  15.025995    2.744634   2.724201    0.127973    1.000000
50  0    0.693147    0.330222   678.154315  10.876961    2.741094   2.720813    0.127973    1.000000
total average training time is: 699.466

total average update time is: 540.697

total average wait time is: 137.457

total average synchronization time is: 136.411

Total train time is 705.997 second.
