dim=3231961
procnum = 64,synchronize!!!
Max Iterations = 50
#   RANK ObjectValue Accuracy   SumIterTime AvUpdateTime AvWaitTime AvSynchTime SparseRatio Rho 
1   0    0.273587    0.961870   4.940198    2.544882     2.395316   2.353265    0.042916    1.000000
2   0    0.112289    0.975083   11.027266   3.689743     2.397325   2.356980    0.042917    1.000000
3   0    0.075150    0.978267   17.638392   4.224156     2.386969   2.345861    0.043114    1.000000
4   0    0.058184    0.980151   24.564967   4.542634     2.383941   2.343103    0.044334    1.000000
5   0    0.047819    0.982486   32.972044   6.040851     2.366227   2.339004    0.047418    1.000000
6   0    0.041855    0.984738   43.472107   8.101408     2.398655   2.356455    0.050355    1.000000
7   0    0.039321    0.985744   57.905768   12.018317    2.415344   2.377099    0.051477    1.000000
8   0    0.037272    0.986491   72.484319   12.196227    2.382324   2.340145    0.052265    1.000000
9   0    0.037195    0.986514   79.150001   4.257791     2.407891   2.370242    0.052869    1.000000
10  0    0.036254    0.986745   92.338216   10.791375    2.396840   2.349084    0.053540    1.000000
11  0    0.035899    0.986885   99.293106   4.554686     2.400204   2.364232    0.053882    1.000000
12  0    0.035806    0.986937   106.157759  4.444546     2.420107   2.371234    0.054106    1.000000
13  0    0.035077    0.987204   118.165580  9.637672     2.370149   2.336450    0.054407    1.000000
14  0    0.034899    0.987294   124.259609  3.708083     2.385946   2.350698    0.054521    1.000000
15  0    0.034518    0.987490   129.916623  3.237521     2.419493   2.379694    0.054637    1.000000
16  0    0.034571    0.987461   136.135871  3.812807     2.406441   2.367410    0.054805    1.000000
17  0    0.034038    0.987686   147.921915  9.372451     2.413593   2.368077    0.054937    1.000000
18  0    0.033789    0.987791   158.282572  7.962197     2.398459   2.359647    0.054993    1.000000
19  0    0.033475    0.987951   168.301394  7.620023     2.398799   2.353824    0.055046    1.000000
20  0    0.033261    0.988043   178.545387  7.811381     2.432613   2.392706    0.055076    1.000000
21  0    0.033188    0.988056   187.205369  6.255480     2.404501   2.359715    0.055108    1.000000
22  0    0.032876    0.988150   196.758569  7.158321     2.394879   2.360316    0.055152    1.000000
23  0    0.032759    0.988177   208.117692  8.953948     2.405174   2.365255    0.055175    1.000000
24  0    0.032579    0.988281   218.189698  7.669199     2.402807   2.367329    0.055203    1.000000
25  0    0.032363    0.988365   228.586093  7.958560     2.437835   2.392724    0.055242    1.000000
26  0    0.032198    0.988375   239.653544  8.684283     2.383168   2.343930    0.055268    1.000000
27  0    0.032108    0.988458   250.639453  8.552376     2.433533   2.396542    0.055296    1.000000
28  0    0.031965    0.988509   261.475975  8.427466     2.409057   2.362900    0.055319    1.000000
29  0    0.031847    0.988561   270.868842  6.961508     2.431358   2.387891    0.055356    1.000000
30  0    0.031793    0.988582   280.830310  7.557540     2.403928   2.362283    0.055369    1.000000
31  0    0.031651    0.988648   292.854134  9.594386     2.429439   2.393194    0.055391    1.000000
32  0    0.031530    0.988694   304.237342  8.957240     2.425968   2.381000    0.055421    1.000000
33  0    0.031415    0.988744   315.611604  8.909408     2.464854   2.414027    0.055442    1.000000
34  0    0.031309    0.988751   326.544299  8.523597     2.409098   2.370380    0.055474    1.000000
35  0    0.031216    0.988765   337.355570  8.389297     2.421973   2.378331    0.055507    1.000000
36  0    0.031134    0.988830   347.941415  8.171153     2.414692   2.372558    0.055539    1.000000
37  0    0.031084    0.988840   360.012257  9.662786     2.408056   2.360212    0.055569    1.000000
38  0    0.030983    0.988849   370.632226  8.194235     2.425735   2.380400    0.055604    1.000000
39  0    0.030953    0.988872   382.423788  9.387688     2.403873   2.358903    0.055627    1.000000
40  0    0.030868    0.988888   393.241451  8.388672     2.428992   2.376785    0.055686    1.000000
41  0    0.030833    0.988905   404.038514  8.377074     2.419989   2.374802    0.055737    1.000000
42  0    0.030767    0.988934   415.312627  8.827365     2.446748   2.412598    0.055779    1.000000
43  0    0.030725    0.988999   426.330215  8.614198     2.403390   2.361700    0.055836    1.000000
44  0    0.030718    0.988972   437.503918  8.766519     2.407184   2.370317    0.055871    1.000000
45  0    0.030676    0.989005   448.518724  8.595239     2.419568   2.382170    0.055909    1.000000
46  0    0.030666    0.989045   459.109193  8.198118     2.392351   2.356495    0.055942    1.000000
47  0    0.030604    0.989022   471.047204  9.527459     2.410552   2.372192    0.056002    1.000000
48  0    0.030551    0.989005   482.863652  9.391923     2.424524   2.383677    0.056064    1.000000
49  0    0.030580    0.989009   494.820017  9.501863     2.454502   2.404732    0.056173    1.000000
50  0    0.030527    0.989064   505.445034  8.215588     2.409429   2.365530    0.056257    1.000000
total average training time is: 524.638

total average update time is: 384.941

total average wait time is: 120.504

total average synchronization time is: 118.444

Total train time is 550.242 second.
