dim=3231961
procnum = 64,synchronize!!!
Max Iterations = 50
#   RANK ObjectValue Accuracy   SumIterTime AvUpdateTime AvWaitTime AvSynchTime SparseRatio Rho 
1   0    0.273587    0.961870   8.277528    2.550287     5.727241   5.702530    0.042916    1.000000
2   0    0.112289    0.975083   17.809730   3.692029     5.840174   5.815219    0.042917    1.000000
3   0    0.075147    0.978261   27.949855   4.335779     5.804346   5.781650    0.043114    1.000000
4   0    0.058243    0.980145   38.433854   4.545674     5.938325   5.914723    0.044337    1.000000
5   0    0.047832    0.982476   50.363631   6.089025     5.840752   5.817236    0.047426    1.000000
6   0    0.041878    0.984717   64.062157   7.883414     5.815112   5.787752    0.050363    1.000000
7   0    0.039339    0.985727   82.078661   12.201487    5.815017   5.792436    0.051478    1.000000
8   0    0.037300    0.986484   99.992871   12.154712    5.759498   5.736312    0.052265    1.000000
9   0    0.037136    0.986530   110.191565  4.393047     5.805647   5.782145    0.052877    1.000000
10  0    0.036178    0.986804   127.226234  11.171030    5.863639   5.839628    0.053540    1.000000
11  0    0.035885    0.986893   137.328665  4.324354     5.778077   5.753261    0.053871    1.000000
12  0    0.035745    0.986981   147.555496  4.388705     5.838126   5.815712    0.054107    1.000000
13  0    0.035055    0.987240   162.998916  9.552221     5.891198   5.868555    0.054394    1.000000
14  0    0.034721    0.987384   175.199583  6.461319     5.739349   5.716475    0.054507    1.000000
15  0    0.034580    0.987446   184.408814  3.403777     5.805454   5.780306    0.054635    1.000000
16  0    0.034573    0.987451   194.010501  3.695491     5.906195   5.882938    0.054791    1.000000
17  0    0.034118    0.987626   210.696974  10.814083    5.872390   5.846780    0.054900    1.000000
18  0    0.033888    0.987743   224.431289  7.900102     5.834213   5.811341    0.054956    1.000000
19  0    0.033488    0.987889   239.599200  9.338282     5.829629   5.805722    0.055019    1.000000
20  0    0.033320    0.987997   250.870559  5.443337     5.828022   5.802520    0.055060    1.000000
21  0    0.033164    0.988060   264.451284  7.771638     5.809087   5.783079    0.055096    1.000000
22  0    0.032877    0.988139   279.515862  9.249534     5.815044   5.788851    0.055128    1.000000
23  0    0.032657    0.988229   292.603026  7.268671     5.818492   5.794931    0.055160    1.000000
24  0    0.032460    0.988300   305.772861  7.357658     5.812177   5.789088    0.055191    1.000000
25  0    0.032327    0.988354   319.815476  8.281450     5.761165   5.735201    0.055223    1.000000
26  0    0.032169    0.988375   334.067170  8.266240     5.985454   5.959939    0.055255    1.000000
27  0    0.032026    0.988479   348.375835  8.416759     5.891906   5.868513    0.055285    1.000000
28  0    0.031902    0.988523   361.424946  7.241413     5.807698   5.782137    0.055302    1.000000
29  0    0.031792    0.988607   376.520194  9.246113     5.849135   5.825272    0.055331    1.000000
30  0    0.031720    0.988650   390.474281  8.143454     5.810633   5.787278    0.055357    1.000000
31  0    0.031664    0.988646   404.382878  8.073101     5.835495   5.810641    0.055390    1.000000
32  0    0.031549    0.988655   418.461928  8.290465     5.788586   5.766240    0.055431    1.000000
33  0    0.031441    0.988713   431.809432  7.515857     5.831646   5.808813    0.055455    1.000000
34  0    0.031403    0.988751   446.012621  8.414482     5.788707   5.765270    0.055512    1.000000
35  0    0.031330    0.988774   459.766967  7.961162     5.793184   5.768330    0.055585    1.000000
36  0    0.031230    0.988809   473.987090  8.376055     5.844068   5.815406    0.055635    1.000000
37  0    0.031175    0.988813   488.752037  8.882773     5.882174   5.853115    0.055689    1.000000
38  0    0.031065    0.988853   502.341244  7.693327     5.895880   5.870167    0.055738    1.000000
39  0    0.031014    0.988878   515.691686  7.512185     5.838257   5.814642    0.055768    1.000000
40  0    0.030897    0.988909   529.488185  8.048621     5.747878   5.723547    0.055805    1.000000
41  0    0.030843    0.988963   544.092842  8.788596     5.816061   5.787954    0.055847    1.000000
42  0    0.030785    0.988920   558.676855  8.766326     5.817687   5.793494    0.055910    1.000000
43  0    0.030700    0.989020   572.969241  8.461487     5.830899   5.806076    0.055954    1.000000
44  0    0.030642    0.988982   586.389156  7.614137     5.805778   5.781369    0.055999    1.000000
45  0    0.030579    0.989014   600.998484  8.720233     5.889095   5.866278    0.056031    1.000000
46  0    0.030539    0.989020   614.989826  8.039817     5.951525   5.926503    0.056049    1.000000
47  0    0.030469    0.989078   630.223587  9.389255     5.844505   5.821319    0.056080    1.000000
48  0    0.030427    0.989068   644.193728  8.159115     5.811026   5.788029    0.056123    1.000000
49  0    0.030333    0.989145   658.603032  8.680477     5.728827   5.702807    0.056175    1.000000
50  0    0.030300    0.989145   672.642396  8.216444     5.822920   5.799373    0.056222    1.000000
total average training time is: 716.735

total average update time is: 381.185

total average wait time is: 291.457

total average synchronization time is: 290.237

Total train time is 726.291 second.
