dim=3231961
procnum = 16,synchronize!!!
Max Iterations = 50
#   RANK ObjectValue Accuracy   SumIterTime AvUpdateTime AvWaitTime AvSynchTime SparseRatio Rho 
1   0    0.368677    0.959001   3.718356    1.571616     2.146740   2.116939    0.127973    1.000000
2   0    0.116393    0.977226   8.287771    2.433145     2.136271   2.105843    0.127973    1.000000
3   0    0.069424    0.980713   13.331242   2.907743     2.135728   2.105883    0.127975    1.000000
4   0    0.051928    0.982468   18.712505   3.255659     2.125604   2.095400    0.128090    1.000000
5   0    0.042913    0.984406   25.027973   4.178719     2.136750   2.106680    0.129172    1.000000
6   0    0.037155    0.986522   33.723632   6.555774     2.139885   2.110060    0.131925    1.000000
7   0    0.038979    0.985813   46.284506   10.427314    2.133560   2.103793    0.132698    1.000000
8   0    0.034603    0.987432   56.424063   8.003948     2.135609   2.105864    0.133325    1.000000
9   0    0.033322    0.987870   66.041374   7.474969     2.142343   2.112362    0.134209    1.000000
10  0    0.032316    0.988254   79.009316   10.832449    2.135493   2.105492    0.135112    1.000000
11  0    0.031770    0.988444   92.641282   11.491979    2.139987   2.110293    0.135277    1.000000
12  0    0.031384    0.988669   102.891636  8.118459     2.131894   2.102139    0.135393    1.000000
13  0    0.030981    0.988803   113.749485  8.720851     2.136998   2.106743    0.135513    1.000000
14  0    0.031019    0.988744   121.942280  6.062627     2.130169   2.099952    0.135591    1.000000
15  0    0.031067    0.988753   132.122740  8.046882     2.133579   2.103394    0.135713    1.000000
16  0    0.031261    0.988698   140.879973  6.621714     2.135518   2.105867    0.135883    1.000000
17  0    0.031640    0.988473   150.305327  7.289989     2.135365   2.105160    0.136061    1.000000
18  0    0.031590    0.988534   159.234014  6.794210     2.134478   2.104734    0.136217    1.000000
19  0    0.031452    0.988638   168.686120  7.314829     2.137276   2.107389    0.136401    1.000000
20  0    0.031277    0.988746   181.646810  10.826191    2.134499   2.104705    0.136569    1.000000
21  0    0.031039    0.988794   191.362456  7.580212     2.135434   2.105524    0.136627    1.000000
22  0    0.030809    0.988909   201.504441  8.007302     2.134684   2.104768    0.136683    1.000000
23  0    0.030485    0.989089   211.653368  8.011152     2.137776   2.107755    0.136744    1.000000
24  0    0.030404    0.989178   221.313544  7.522955     2.137222   2.107103    0.136772    1.000000
25  0    0.030408    0.989187   230.708286  7.262375     2.132366   2.102168    0.136840    1.000000
26  0    0.030354    0.989180   239.494049  6.655578     2.130185   2.100381    0.136924    1.000000
27  0    0.030242    0.989274   248.381533  6.761059     2.126426   2.096600    0.136986    1.000000
28  0    0.029984    0.989324   258.594658  8.081323     2.131801   2.101992    0.137030    1.000000
29  0    0.029914    0.989410   268.671652  7.943503     2.133492   2.103221    0.137060    1.000000
30  0    0.029802    0.989372   278.964771  8.162454     2.130665   2.100739    0.137083    1.000000
31  0    0.029784    0.989356   288.704797  7.600717     2.139310   2.109320    0.137115    1.000000
32  0    0.029682    0.989364   298.642894  7.803145     2.134951   2.105007    0.137147    1.000000
33  0    0.029634    0.989439   308.685868  7.907217     2.135757   2.105667    0.137209    1.000000
34  0    0.029616    0.989420   319.452402  8.632788     2.133746   2.102943    0.137254    1.000000
35  0    0.029770    0.989385   329.224037  7.642236     2.129399   2.099508    0.137294    1.000000
36  0    0.029698    0.989414   340.227113  8.871931     2.131146   2.101138    0.137348    1.000000
37  0    0.029676    0.989387   349.311847  6.945858     2.138875   2.109181    0.137393    1.000000
38  0    0.029552    0.989475   360.200052  8.756541     2.131665   2.101397    0.137429    1.000000
39  0    0.029377    0.989504   371.465257  9.135100     2.130105   2.100137    0.137448    1.000000
40  0    0.029245    0.989544   383.158811  9.565208     2.128346   2.098301    0.137488    1.000000
41  0    0.029137    0.989535   392.681137  7.384431     2.137896   2.108254    0.137511    1.000000
42  0    0.029079    0.989594   403.558893  8.734788     2.142969   2.111866    0.137517    1.000000
43  0    0.029014    0.989623   414.608459  8.920827     2.128738   2.099124    0.137546    1.000000
44  0    0.028963    0.989589   425.154922  8.413351     2.133112   2.103305    0.137572    1.000000
45  0    0.028971    0.989479   435.947004  8.657111     2.134971   2.104676    0.137595    1.000000
46  0    0.028797    0.989719   446.521899  8.438036     2.136859   2.105995    0.137616    1.000000
47  0    0.028989    0.989679   457.359002  8.699754     2.137349   2.107912    0.137656    1.000000
48  0    0.028641    0.989846   467.758895  8.319119     2.080774   2.050408    0.137672    1.000000
49  0    0.028796    0.989784   478.621028  8.821479     2.040654   2.010701    0.137701    1.000000
50  0    0.028809    0.989769   489.067053  8.410039     2.035985   2.006108    0.137722    1.000000
total average training time is: 515.839

total average update time is: 382.577

total average wait time is: 106.49

total average synchronization time is: 104.99

Total train time is 534.986 second.
