dim=3231961
procnum = 64,synchronize!!!
Max Iterations = 50
#   RANK ObjectValue Accuracy   SumIterTime AvUpdateTime AvWaitTime AvSynchTime SparseRatio Rho 
1   0    0.273587    0.961870   6.251307    2.421280     3.830027   3.797851    0.042916    1.000000
2   0    0.112289    0.975083   13.852918   3.759927     3.841685   3.804981    0.042917    1.000000
3   0    0.075156    0.978259   21.869910   4.236286     3.780706   3.755129    0.043114    1.000000
4   0    0.058181    0.980156   30.245234   4.585734     3.789590   3.764704    0.044334    1.000000
5   0    0.047852    0.982463   39.965228   5.860416     3.859578   3.827159    0.047419    1.000000
6   0    0.041870    0.984727   51.895939   8.068239     3.862472   3.832266    0.050359    1.000000
7   0    0.039343    0.985735   69.858630   14.077275    3.885415   3.860156    0.051480    1.000000
8   0    0.037276    0.986493   86.729246   13.025403    3.845213   3.821642    0.052264    1.000000
9   0    0.037199    0.986520   94.594249   3.953801     3.911203   3.882272    0.052871    1.000000
10  0    0.036246    0.986777   108.788101  10.386419    3.807433   3.778281    0.053537    1.000000
11  0    0.035927    0.986887   116.856300  4.230359     3.837839   3.800377    0.053878    1.000000
12  0    0.035812    0.986939   125.523818  4.804019     3.863500   3.831878    0.054111    1.000000
13  0    0.035043    0.987219   139.536767  10.184812    3.828137   3.796700    0.054430    1.000000
14  0    0.034765    0.987355   146.807434  3.449553     3.821114   3.787815    0.054531    1.000000
15  0    0.034706    0.987375   153.632820  2.907552     3.917833   3.885223    0.054641    1.000000
16  0    0.034657    0.987407   160.934617  3.468245     3.833553   3.801264    0.054801    1.000000
17  0    0.034130    0.987609   174.176792  9.407760     3.834415   3.797833    0.054925    1.000000
18  0    0.033884    0.987745   185.448929  7.425799     3.846338   3.819205    0.054980    1.000000
19  0    0.033504    0.987910   198.356253  9.094282     3.813043   3.787501    0.055042    1.000000
20  0    0.033409    0.987976   208.137650  5.917035     3.864362   3.837967    0.055070    1.000000
21  0    0.033289    0.988004   218.362849  6.359091     3.866108   3.838456    0.055097    1.000000
22  0    0.032973    0.988118   231.458497  9.264413     3.831235   3.797006    0.055141    1.000000
23  0    0.032828    0.988189   242.989953  7.746202     3.785254   3.758701    0.055166    1.000000
24  0    0.032702    0.988210   255.088369  8.230619     3.867796   3.827571    0.055190    1.000000
25  0    0.032465    0.988306   266.088418  7.150475     3.849573   3.810506    0.055219    1.000000
26  0    0.032342    0.988333   278.869197  8.959323     3.821457   3.795931    0.055254    1.000000
27  0    0.032199    0.988404   291.778247  9.085661     3.823388   3.796017    0.055279    1.000000
28  0    0.032050    0.988469   302.801088  7.149101     3.873741   3.843551    0.055296    1.000000
29  0    0.031926    0.988513   314.380716  7.662270     3.917358   3.881087    0.055325    1.000000
30  0    0.031878    0.988552   326.094094  7.822777     3.890600   3.858728    0.055357    1.000000
31  0    0.031768    0.988571   337.909049  7.928934     3.886021   3.850836    0.055396    1.000000
32  0    0.031703    0.988640   349.447859  7.661315     3.877494   3.847061    0.055415    1.000000
33  0    0.031574    0.988709   361.218295  7.910499     3.859937   3.825479    0.055441    1.000000
34  0    0.031494    0.988675   373.430359  8.350433     3.861631   3.829762    0.055465    1.000000
35  0    0.031377    0.988738   384.967053  7.758447     3.778248   3.750553    0.055494    1.000000
36  0    0.031271    0.988761   397.891577  9.049275     3.875248   3.844251    0.055545    1.000000
37  0    0.031208    0.988784   409.715420  7.999342     3.824501   3.797113    0.055596    1.000000
38  0    0.031128    0.988849   421.539232  7.959182     3.864630   3.834226    0.055630    1.000000
39  0    0.031055    0.988899   433.207839  7.833888     3.834718   3.808191    0.055685    1.000000
40  0    0.030993    0.988851   445.543101  8.446172     3.889091   3.851392    0.055717    1.000000
41  0    0.030911    0.988922   456.941101  7.580508     3.817492   3.789001    0.055800    1.000000
42  0    0.030914    0.988888   469.025216  8.230924     3.853191   3.827703    0.055886    1.000000
43  0    0.030933    0.988878   481.078380  8.184042     3.869122   3.837300    0.056042    1.000000
44  0    0.031102    0.988845   492.823686  7.850069     3.895237   3.860653    0.056136    1.000000
45  0    0.031148    0.988840   505.323736  8.592347     3.907702   3.882503    0.056460    1.000000
46  0    0.031420    0.988880   518.543827  9.317125     3.902966   3.872002    0.056728    1.000000
47  0    0.031557    0.988838   531.643883  9.267845     3.832212   3.805234    0.056915    1.000000
48  0    0.031501    0.988807   544.177211  8.659280     3.874047   3.846536    0.057169    1.000000
49  0    0.031923    0.988794   556.219348  8.194455     3.847683   3.815855    0.057406    1.000000
50  0    0.031818    0.988744   569.425119  9.310170     3.895600   3.864135    0.057659    1.000000
total average training time is: 589.185

total average update time is: 376.778

total average wait time is: 192.647

total average synchronization time is: 191.118

Total train time is 602.222 second.
