dim=3231961
procnum = 64,synchronize!!!
Max Iterations = 50
#   RANK ObjectValue Accuracy   SumIterTime   SumUpdaTime SumWaitTime  SumSynTime AvUpdaTime   AvWaitTime  AvSynTime   SparseRatio Rho 
1   0    0.273583    0.961872   3.133928         0.068257    3.065671    2.699804 0.068257     3.065671    2.699804    0.042916    1.000000
2   0    0.110806    0.976047   10.183447        4.049696    6.133751    5.399720 3.981439     3.068080    2.699916    0.042916    1.000000
3   0    0.071488    0.980262   17.980651        8.804105    9.176545    8.072215 4.754410     3.042794    2.672495    0.042916    1.000000
4   0    0.049342    0.983692   26.365371       14.134342   12.231029   10.765689 5.330236     3.054484    2.693474    0.042916    1.000000
5   0    0.034380    0.988901   35.775816       20.444544   15.331272   13.489808 6.310202     3.100243    2.724119    0.042916    1.000000
6   0    0.026612    0.991426   46.455425       28.046277   18.409148   16.207707 7.601733     3.077876    2.717899    0.042916    1.000000
7   0    0.022783    0.992517   58.540678       37.064051   21.476627   18.898781 9.017774     3.067480    2.691073    0.042916    1.000000
8   0    0.020755    0.993500   71.458382       46.918345   24.540036   21.586361 9.854295     3.063409    2.687580    0.042916    1.000000
9   0    0.020709    0.993652   74.997031       47.410709   27.586322   24.266892 0.492363     3.046286    2.680532    0.042916    1.000000
10  0    0.020736    0.993738   79.940975       49.303802   30.637173   26.951381 1.893093     3.050851    2.684488    0.042916    1.000000
11  0    0.019943    0.994093   91.952260       58.219935   33.732325   29.647352 8.916133     3.095152    2.695971    0.042916    1.000000
12  0    0.019902    0.994107   96.665453       59.853761   36.811692   32.366906 1.633826     3.079367    2.719554    0.042916    1.000000
13  0    0.019892    0.994103   101.290777      61.397850   39.892927   35.084647 1.544089     3.081235    2.717741    0.042916    1.000000
14  0    0.019819    0.994128   107.281424      64.351373   42.930051   37.753193 2.953523     3.037124    2.668546    0.042916    1.000000
15  0    0.018901    0.994391   117.358112      71.367886   45.990226   40.437974 7.016513     3.060174    2.684781    0.042916    1.000000
16  0    0.018555    0.994464   125.775611      76.722376   49.053235   43.125838 5.354490     3.063010    2.687864    0.042916    1.000000
17  0    0.018357    0.994474   134.454756      82.262526   52.192230   45.810613 5.540150     3.138994    2.684776    0.042916    1.000000
18  0    0.018427    0.994481   140.095441      84.840090   55.255351   48.511850 2.577564     3.063121    2.701236    0.042916    1.000000
19  0    0.018335    0.994489   145.960689      87.647615   58.313074   51.212274 2.807524     3.057723    2.700425    0.042916    1.000000
20  0    0.018032    0.994581   156.106114      94.691523   61.414591   53.937745 7.043909     3.101517    2.725471    0.042916    1.000000
21  0    0.017890    0.994612   163.893041      99.400040   64.493001   56.649653 4.708517     3.078410    2.711909    0.042916    1.000000
22  0    0.017808    0.994656   172.936227     105.384680   67.551547   59.346963 5.984640     3.058546    2.697310    0.042916    1.000000
23  0    0.017670    0.994719   180.710771     110.092817   70.617954   62.043674 4.708137     3.066407    2.696711    0.042916    1.000000
24  0    0.017473    0.994729   189.422883     115.730667   73.692217   64.736023 5.637850     3.074263    2.692349    0.042916    1.000000
25  0    0.017439    0.994739   197.822494     121.070147   76.752348   67.423407 5.339480     3.060131    2.687384    0.042916    1.000000
26  0    0.017379    0.994742   205.994659     126.166253   79.828406   70.130943 5.096106     3.076058    2.707536    0.042916    1.000000
27  0    0.017352    0.994731   213.038526     130.137208   82.901318   72.804818 3.970955     3.072912    2.673875    0.042916    1.000000
28  0    0.017254    0.994790   220.495504     134.528115   85.967390   75.478291 4.390906     3.066072    2.673473    0.042916    1.000000
29  0    0.017165    0.994804   227.817797     138.777623   89.040173   78.173853 4.249509     3.072784    2.695562    0.042916    1.000000
30  0    0.017156    0.994794   235.054649     142.939341   92.115308   80.887583 4.161718     3.075135    2.713730    0.042916    1.000000
31  0    0.017209    0.994794   243.647238     148.472380   95.174858   83.580136 5.533039     3.059550    2.692553    0.042916    1.000000
32  0    0.017141    0.994815   251.293454     153.062924   98.230530   86.256050 4.590544     3.055672    2.675914    0.042916    1.000000
33  0    0.017042    0.994844   259.455984     158.127409  101.328575   88.976183 5.064484     3.098045    2.720133    0.042916    1.000000
34  0    0.017089    0.994848   266.920598     162.528754  104.391844   91.682011 4.401346     3.063269    2.705827    0.042916    1.000000
35  0    0.017127    0.994827   275.476781     168.009332  107.467448   94.386569 5.480578     3.075604    2.704559    0.042916    1.000000
36  0    0.017115    0.994854   282.535234     171.981910  110.553324   97.095804 3.972578     3.085875    2.709234    0.042916    1.000000
37  0    0.017026    0.994867   291.231791     177.597422  113.634370   99.793551 5.615511     3.081046    2.697748    0.042916    1.000000
38  0    0.017061    0.994850   298.383468     181.677591  116.705877  102.487550 4.080170     3.071507    2.693999    0.042916    1.000000
39  0    0.017150    0.994850   306.632193     186.853431  119.778762  105.186046 5.175839     3.072885    2.698495    0.042916    1.000000
40  0    0.017139    0.994871   313.952591     191.088049  122.864542  107.906078 4.234618     3.085780    2.720033    0.042916    1.000000
41  0    0.017094    0.994877   321.312370     195.370975  125.941395  110.608113 4.282926     3.076852    2.702034    0.042916    1.000000
42  0    0.017108    0.994888   328.981760     199.917650  129.064110  113.332490 4.546676     3.122715    2.724377    0.042916    1.000000
43  0    0.017140    0.994867   337.320525     205.190029  132.130495  116.031435 5.272379     3.066386    2.698945    0.042916    1.000000
44  0    0.017152    0.994881   344.492961     209.294656  135.198305  118.752207 4.104627     3.067809    2.720772    0.042916    1.000000
45  0    0.017139    0.994881   351.632919     213.381672  138.251248  121.436807 4.087016     3.052943    2.684600    0.042916    1.000000
46  0    0.017108    0.994877   358.560798     217.235888  141.324910  124.121826 3.854216     3.073662    2.685020    0.042916    1.000000
47  0    0.017173    0.994898   367.075597     222.633690  144.441907  126.837788 5.397802     3.116997    2.715961    0.042916    1.000000
48  0    0.017275    0.994892   374.295752     226.767043  147.528709  129.562033 4.133353     3.086803    2.724246    0.042916    1.000000
49  0    0.017259    0.994908   382.920049     232.336511  150.583539  132.246056 5.569468     3.054829    2.684022    0.042916    1.000000
50  0    0.017248    0.994883   390.867112     237.191341  153.675771  134.956296 4.854830     3.092233    2.710240    0.042916    1.000000
total average training time is: 526.939

total average update time is: 237.191

total average wait time is: 153.676

total average synchronization time is: 134.956

Total train time is 536.2 second.
