dim=3231961
procnum = 16,synchronize!!!
Max Iterations = 50
#   RANK ObjectValue Accuracy   SumIterTime AvUpdateTime AvWaitTime AvSynchTime SparseRatio Rho 
1   0    0.368677    0.959001   2.998253    1.570017     1.428235   1.402904    0.127973    1.000000
2   0    0.116393    0.977226   6.892727    2.436916     1.457558   1.436929    0.127973    1.000000
3   0    0.069397    0.980719   11.152527   2.822685     1.437115   1.413412    0.127975    1.000000
4   0    0.051918    0.982488   15.763006   3.164249     1.446230   1.425764    0.128091    1.000000
5   0    0.042850    0.984446   21.272324   4.068398     1.440919   1.415090    0.129181    1.000000
6   0    0.037101    0.986501   29.081799   6.361189     1.448286   1.427789    0.131932    1.000000
7   0    0.038897    0.985833   40.512049   9.990548     1.439702   1.419092    0.132688    1.000000
8   0    0.034536    0.987459   49.790916   7.819955     1.458913   1.438171    0.133317    1.000000
9   0    0.033149    0.987949   59.047888   7.817362     1.439609   1.418555    0.134206    1.000000
10  0    0.032182    0.988287   70.721094   10.212051    1.461154   1.440382    0.134993    1.000000
11  0    0.031924    0.988396   80.517430   8.353708     1.442629   1.420364    0.135157    1.000000
12  0    0.031472    0.988596   89.121939   7.205591     1.398918   1.378379    0.135293    1.000000
13  0    0.031041    0.988801   98.714606   8.156106     1.436561   1.413941    0.135413    1.000000
14  0    0.030842    0.988832   107.111601  6.942255     1.454741   1.433762    0.135501    1.000000
15  0    0.031024    0.988792   114.344794  5.790632     1.442560   1.421529    0.135621    1.000000
16  0    0.031042    0.988721   121.974564  6.222639     1.407131   1.386383    0.135809    1.000000
17  0    0.031150    0.988655   130.456390  7.031296     1.450531   1.427879    0.135986    1.000000
18  0    0.031179    0.988655   138.524810  6.613852     1.454567   1.433989    0.136143    1.000000
19  0    0.031228    0.988596   145.979521  6.024501     1.430210   1.409436    0.136240    1.000000
20  0    0.031043    0.988788   157.816774  10.390999    1.446254   1.425566    0.136366    1.000000
21  0    0.030716    0.988884   165.720283  6.471235     1.432274   1.411554    0.136397    1.000000
22  0    0.030500    0.989057   176.121939  8.949845     1.451811   1.431184    0.136465    1.000000
23  0    0.030501    0.989057   187.320095  9.772949     1.425207   1.404659    0.136500    1.000000
24  0    0.030320    0.989172   195.628724  6.868789     1.439839   1.419290    0.136560    1.000000
25  0    0.030204    0.989160   204.456790  7.396590     1.431476   1.410897    0.136610    1.000000
26  0    0.030119    0.989231   213.526777  7.622760     1.447226   1.426665    0.136646    1.000000
27  0    0.030071    0.989241   222.928590  7.974349     1.427464   1.406582    0.136676    1.000000
28  0    0.029911    0.989268   231.816947  7.434397     1.453960   1.433542    0.136708    1.000000
29  0    0.029816    0.989314   240.455321  7.208664     1.429711   1.409094    0.136737    1.000000
30  0    0.029686    0.989372   250.536285  8.636067     1.444897   1.424194    0.136755    1.000000
31  0    0.029610    0.989406   259.125017  7.157265     1.431467   1.411061    0.136783    1.000000
32  0    0.029510    0.989416   268.444039  7.914622     1.404401   1.383983    0.136794    1.000000
33  0    0.029408    0.989418   278.779865  8.934310     1.401515   1.381025    0.136811    1.000000
34  0    0.029521    0.989506   287.823100  7.640762     1.402474   1.381827    0.136831    1.000000
35  0    0.029346    0.989433   297.000738  7.790217     1.387420   1.366549    0.136857    1.000000
36  0    0.029362    0.989573   306.959161  8.505441     1.452983   1.432030    0.136893    1.000000
37  0    0.029202    0.989546   316.364883  7.947722     1.457999   1.437321    0.136909    1.000000
38  0    0.029197    0.989567   325.786352  7.969782     1.451687   1.430884    0.136913    1.000000
39  0    0.029200    0.989514   335.772038  8.552051     1.433634   1.412954    0.136937    1.000000
40  0    0.029185    0.989546   345.535078  8.334359     1.428681   1.407763    0.136973    1.000000
41  0    0.028955    0.989623   355.230886  8.253798     1.442009   1.420977    0.137004    1.000000
42  0    0.028905    0.989694   363.988701  7.313095     1.444720   1.423894    0.137047    1.000000
43  0    0.029092    0.989596   373.884352  8.442555     1.453096   1.432284    0.137066    1.000000
44  0    0.029259    0.989577   382.975746  7.699562     1.391832   1.371134    0.137095    1.000000
45  0    0.028705    0.989819   391.547429  7.124352     1.447331   1.426683    0.137120    1.000000
46  0    0.028684    0.989844   400.378808  7.381209     1.450171   1.429456    0.137150    1.000000
47  0    0.028732    0.989798   409.665286  7.855486     1.430991   1.410096    0.137173    1.000000
48  0    0.028735    0.989790   419.001495  7.915330     1.420880   1.400485    0.137197    1.000000
49  0    0.028774    0.989798   428.152029  7.703751     1.446783   1.426303    0.137219    1.000000
50  0    0.028607    0.989842   438.194204  8.594346     1.447828   1.426834    0.137240    1.000000
total average training time is: 460.888

total average update time is: 366.361

total average wait time is: 71.8336

total average synchronization time is: 70.7805

Total train time is 474.313 second.
