dim=3231961
procnum = 16,synchronize!!!
Max Iterations = 50
#   RANK ObjectValue Accuracy   SumIterTime AvUpdateTime AvWaitTime AvSynchTime SparseRatio Rho 
1   0    0.693147    0.330222   3.089738    1.552270     1.537468   1.517008    0.127973    1.000000
2   0    0.693147    0.330222   7.088195    2.465879     1.532579   1.506016    0.127973    1.000000
3   0    0.693147    0.330222   11.466572   2.855363     1.523014   1.498075    0.127973    1.000000
4   0    0.693147    0.330222   16.349712   3.356223     1.526917   1.498972    0.127973    1.000000
5   0    0.693147    0.330222   23.250345   5.377172     1.523460   1.501584    0.127973    1.000000
6   0    0.693147    0.330222   35.544630   10.766557    1.527728   1.507071    0.127973    1.000000
7   0    0.693147    0.330222   47.329183   10.256868    1.527685   1.503052    0.127973    1.000000
8   0    0.693147    0.330222   49.309557   0.446151     1.534223   1.507939    0.127973    1.000000
9   0    0.693147    0.330222   51.289249   0.444982     1.534710   1.513759    0.127973    1.000000
10  0    0.693147    0.330222   66.994707   14.178913    1.526546   1.500664    0.127973    1.000000
11  0    0.693147    0.330222   78.139142   9.612033     1.532402   1.506163    0.127973    1.000000
12  0    0.693147    0.330222   90.943630   11.269598    1.534890   1.507562    0.127973    1.000000
13  0    0.693147    0.330222   103.632809  11.153036    1.536144   1.509337    0.127973    1.000000
14  0    0.693147    0.330222   115.912307  10.758249    1.521249   1.500644    0.127973    1.000000
15  0    0.693147    0.330222   128.084082  10.640082    1.531693   1.504156    0.127973    1.000000
16  0    0.693147    0.330222   139.531900  9.923681     1.524137   1.500432    0.127973    1.000000
17  0    0.693147    0.330222   154.509275  13.456809    1.520566   1.497087    0.127973    1.000000
18  0    0.693147    0.330222   171.228069  15.201448    1.517345   1.495715    0.127973    1.000000
19  0    0.693147    0.330222   186.020939  13.252163    1.540707   1.517587    0.127973    1.000000
20  0    0.693147    0.330222   200.238357  12.679939    1.537479   1.509976    0.127973    1.000000
21  0    0.693147    0.330222   212.205943  10.432988    1.534599   1.507832    0.127973    1.000000
22  0    0.693147    0.330222   226.003690  12.264975    1.532772   1.505372    0.127973    1.000000
23  0    0.693147    0.330222   239.916605  12.374562    1.538354   1.510585    0.127973    1.000000
24  0    0.693147    0.330222   251.921686  10.470406    1.534675   1.507306    0.127973    1.000000
25  0    0.693147    0.330222   263.317272  9.859689     1.535897   1.509405    0.127973    1.000000
26  0    0.693147    0.330222   277.060895  12.206399    1.537225   1.510345    0.127973    1.000000
27  0    0.693147    0.330222   289.620293  11.040194    1.519204   1.498536    0.127973    1.000000
28  0    0.693147    0.330222   302.986533  11.829580    1.536660   1.511436    0.127973    1.000000
29  0    0.693147    0.330222   314.100119  9.593507     1.520079   1.497542    0.127973    1.000000
30  0    0.693147    0.330222   328.398238  12.776993    1.521127   1.500116    0.127973    1.000000
31  0    0.693147    0.330222   341.920727  11.993249    1.529239   1.502030    0.127973    1.000000
32  0    0.693147    0.330222   354.127412  10.675104    1.531581   1.504790    0.127973    1.000000
33  0    0.693147    0.330222   365.346930  9.683165     1.536353   1.510021    0.127973    1.000000
34  0    0.693147    0.330222   377.096189  10.226579    1.522679   1.496073    0.127973    1.000000
35  0    0.693147    0.330222   389.495110  10.867132    1.531789   1.505280    0.127973    1.000000
36  0    0.693147    0.330222   401.286661  10.259527    1.532023   1.504684    0.127973    1.000000
37  0    0.693147    0.330222   412.556917  9.745858     1.524399   1.499000    0.127973    1.000000
38  0    0.693147    0.330222   422.862588  8.767531     1.538139   1.512431    0.127973    1.000000
39  0    0.693147    0.330222   433.373260  8.977859     1.532814   1.505473    0.127973    1.000000
40  0    0.693147    0.330222   447.369389  12.461726    1.534402   1.508501    0.127973    1.000000
41  0    0.693147    0.330222   460.161030  11.267551    1.524090   1.500170    0.127973    1.000000
42  0    0.693147    0.330222   477.268505  15.571341    1.536134   1.510735    0.127973    1.000000
43  0    0.693147    0.330222   496.021360  17.220430    1.532425   1.504951    0.127973    1.000000
44  0    0.693147    0.330222   518.167944  20.622424    1.524159   1.497588    0.127973    1.000000
45  0    0.693147    0.330222   534.068179  14.387189    1.513046   1.491684    0.127973    1.000000
46  0    0.693147    0.330222   555.388042  19.784166    1.535697   1.508603    0.127973    1.000000
47  0    0.693147    0.330222   573.031225  16.109450    1.533733   1.507447    0.127973    1.000000
48  0    0.693147    0.330222   589.513546  14.942251    1.540070   1.513290    0.127973    1.000000
49  0    0.693147    0.330222   605.992780  14.960008    1.519225   1.494353    0.127973    1.000000
50  0    0.693147    0.330222   618.397854  10.875949    1.529125   1.502166    0.127973    1.000000
total average training time is: 633.152

total average update time is: 541.895

total average wait time is: 76.5027

total average synchronization time is: 75.2405

Total train time is 639.691 second.
