###备注
---
	该测试是在is_stop()基础上做的测试，无topk有自适应惩罚项参数。
---
dim=3231961
procnum = 64,synchronize!!!
Max Iterations = 50
#   RANK ObjectValue Accuracy   SumIterTime   SumUpdaTime SumWaitTime  SumSynTime AvUpdaTime   AvWaitTime  AvSynTime   SparseRatio Rho 
1   0    0.046036    0.982701   3.120381         0.044882    3.075499    2.700638 0.044882     3.075499    2.700638    0.042916    1.000000
2   0    0.032141    0.988986   18.708493       12.577874    6.130618    5.364403 12.532992    3.055120    2.663765    0.042916    1.000000
3   0    0.026042    0.991493   33.095881       23.924168    9.171713    8.028632 11.346294    3.041094    2.664229    0.042916    1.000000
4   0    0.024878    0.992023   41.578505       29.345043   12.233463   10.729875 5.420874     3.061750    2.701243    0.042916    1.000000
5   0    0.022365    0.993106   51.811730       36.472826   15.338904   13.414908 7.127783     3.105442    2.685033    0.042916    1.000000
6   0    0.022345    0.993168   57.487140       39.052999   18.434141   16.097110 2.580173     3.095237    2.682201    0.042916    1.000000
7   0    0.021729    0.993508   64.623312       43.118791   21.504521   18.780910 4.065792     3.070379    2.683800    0.042916    1.000000
8   0    0.020583    0.994026   74.435428       49.861690   24.573738   21.473054 6.742900     3.069217    2.692144    0.042916    1.000000
9   0    0.020582    0.994024   79.897899       52.253270   27.644629   24.168455 2.391580     3.070891    2.695402    0.042916    1.000000
10  0    0.020070    0.994120   86.647613       55.938623   30.708990   26.858994 3.685352     3.064361    2.690539    0.042916    1.000000
11  0    0.019297    0.994403   95.792363       62.006729   33.785634   29.569136 6.068106     3.076644    2.710142    0.042916    1.000000
12  0    0.019204    0.994393   102.168277      65.325793   36.842484   32.262469 3.319064     3.056850    2.693333    0.042916    1.000000
13  0    0.018769    0.994479   111.821727      71.890974   39.930753   34.984736 6.565181     3.088269    2.722267    0.042916    1.000000
14  0    0.018719    0.994479   117.082514      74.062334   43.020180   37.690412 2.171360     3.089427    2.705676    0.042916    2.000000
15  0    0.018552    0.994479   125.799458      79.709591   46.089867   40.396427 5.647257     3.069687    2.706015    0.042916    2.000000
16  0    0.018348    0.994514   135.965695      86.815678   49.150017   43.090557 7.106087     3.060150    2.694130    0.042916    2.000000
17  0    0.018511    0.994481   141.429319      89.194489   52.234830   45.801594 2.378811     3.084813    2.711037    0.042916    2.000000
18  0    0.018602    0.994462   146.297193      90.999179   55.298014   48.502286 1.804690     3.063184    2.700692    0.042916    2.000000
19  0    0.018589    0.994456   151.260599      92.892075   58.368524   51.219425 1.892896     3.070510    2.717138    0.042916    2.000000
20  0    0.018614    0.994439   156.913507      95.491464   61.422043   53.904226 2.599389     3.053519    2.684801    0.042916    2.000000
21  0    0.018599    0.994443   162.029629      97.558211   64.471418   56.597778 2.066746     3.049376    2.693552    0.042916    2.000000
22  0    0.018552    0.994464   168.036797     100.498988   67.537809   59.291517 2.940778     3.066390    2.693739    0.042916    2.000000
23  0    0.018370    0.994487   176.056656     105.439625   70.617031   61.982894 4.940637     3.079222    2.691377    0.042916    2.000000
24  0    0.018249    0.994514   183.504900     109.821621   73.683279   64.681553 4.381996     3.066248    2.698658    0.042916    2.000000
25  0    0.018130    0.994566   191.158604     114.374114   76.784490   67.394976 4.552494     3.101211    2.713424    0.042916    2.000000
26  0    0.018087    0.994579   197.512902     117.637176   79.875726   70.094942 3.263061     3.091236    2.699966    0.042916    2.000000
27  0    0.018085    0.994575   202.456088     119.499980   82.956108   72.788920 1.862805     3.080382    2.693978    0.042916    2.000000
28  0    0.018011    0.994583   210.080260     124.045305   86.034955   75.482126 4.545324     3.078848    2.693206    0.042916    2.000000
29  0    0.018003    0.994579   215.440781     126.318108   89.122673   78.164636 2.272803     3.087718    2.682510    0.042916    2.000000
30  0    0.017921    0.994610   223.149800     130.910021   92.239779   80.899367 4.591914     3.117106    2.734731    0.042916    2.000000
31  0    0.017891    0.994623   230.006490     134.661923   95.344567   83.609493 3.751901     3.104788    2.710126    0.042916    2.000000
32  0    0.017881    0.994633   237.522927     139.110505   98.412423   86.294949 4.448582     3.067856    2.685456    0.042916    2.000000
33  0    0.017865    0.994637   243.448198     141.969613  101.478584   88.977734 2.859109     3.066162    2.682786    0.042916    2.000000
34  0    0.017815    0.994648   250.821617     146.269457  104.552159   91.661494 4.299844     3.073575    2.683760    0.042916    2.000000
35  0    0.017795    0.994668   257.360886     149.720387  107.640499   94.372559 3.450930     3.088340    2.711065    0.042916    2.000000
36  0    0.017802    0.994679   264.760795     154.020451  110.740344   97.077795 4.300064     3.099845    2.705236    0.042916    2.000000
37  0    0.017802    0.994677   270.675430     156.852853  113.822577   99.787299 2.832402     3.082233    2.709504    0.042916    2.000000
38  0    0.017752    0.994696   278.102663     161.195378  116.907285  102.493978 4.342525     3.084708    2.706680    0.042916    2.000000
39  0    0.017725    0.994683   284.143568     164.163446  119.980122  105.188798 2.968068     3.072837    2.694819    0.042916    2.000000
40  0    0.017747    0.994702   291.438662     168.372821  123.065841  107.889208 4.209375     3.085719    2.700411    0.042916    2.000000
41  0    0.017750    0.994689   297.753481     171.620631  126.132849  110.586127 3.247810     3.067008    2.696919    0.042916    2.000000
42  0    0.017713    0.994706   305.030584     175.843363  129.187221  113.267993 4.222732     3.054372    2.681865    0.042916    2.000000
43  0    0.017691    0.994712   311.033987     178.752599  132.281388  115.984876 2.909236     3.094167    2.716883    0.042916    2.000000
44  0    0.017709    0.994716   317.707596     182.362829  135.344766  118.669388 3.610230     3.063378    2.684512    0.042916    2.000000
45  0    0.017729    0.994716   324.167000     185.751648  138.415352  121.356221 3.388819     3.070586    2.686833    0.042916    2.000000
46  0    0.017697    0.994733   330.423103     188.927813  141.495290  124.058066 3.176165     3.079938    2.701845    0.042916    2.000000
47  0    0.017688    0.994746   337.037362     192.477246  144.560116  126.751681 3.549433     3.064826    2.693615    0.042916    2.000000
48  0    0.017700    0.994742   342.880987     195.233344  147.647643  129.462809 2.756098     3.087527    2.711129    0.042916    2.000000
49  0    0.017737    0.994746   350.578550     199.833626  150.744923  132.191148 4.600282     3.097280    2.728339    0.042916    2.000000
50  0    0.017732    0.994752   356.199777     202.362970  153.836807  134.907622 2.529344     3.091883    2.716474    0.042916    2.000000
total average training time is: 491.428

total average update time is: 202.363

total average wait time is: 153.837

total average synchronization time is: 134.908

Total train time is 544.225 second.
