dim=3231961
procnum = 64,synchronize!!!
Max Iterations = 50
#   RANK ObjectValue Accuracy   SumIterTime   SumUpdaTime SumWaitTime  SumSynTime AvUpdaTime   AvWaitTime  AvSynTime   SparseRatio Rho 
1   0    0.273583    0.961872   3.127789         0.048340    3.079449    2.689368 0.048340     3.079449    2.689368    0.042916    1.000000
2   0    0.119426    0.976345   10.164368        4.035982    6.128386    5.368908 3.987642     3.048937    2.679540    0.042916    1.000000
3   0    0.073015    0.980208   18.069136        8.837095    9.232040    8.091530 4.801113     3.103655    2.722622    0.042916    1.000000
4   0    0.051656    0.982895   26.430328       14.151658   12.278669   10.763028 5.314563     3.046629    2.671497    0.042916    1.000000
5   0    0.038301    0.986762   35.308035       19.982764   15.325271   13.419393 5.831105     3.046602    2.656366    0.042916    1.000000
6   0    0.030024    0.989990   45.284611       26.892696   18.391915   16.118061 6.909932     3.066643    2.698667    0.042916    1.000000
7   0    0.026019    0.991513   56.680848       35.243120   21.437728   18.791626 8.350424     3.045813    2.673566    0.042916    1.000000
8   0    0.024056    0.992237   69.517808       45.012504   24.505304   21.482419 9.769384     3.067577    2.690793    0.042916    1.000000
9   0    0.023783    0.992323   73.079681       45.504308   27.575373   24.188230 0.491804     3.070069    2.705811    0.042916    2.000000
10  0    0.022476    0.992999   82.736711       52.073974   30.662737   26.865618 6.569666     3.087364    2.677388    0.042916    2.000000
11  0    0.022352    0.993103   87.818713       54.113153   33.705560   29.526750 2.039179     3.042823    2.661132    0.042916    2.000000
12  0    0.021475    0.993525   97.210286       60.463206   36.747081   32.207882 6.350053     3.041520    2.681132    0.042916    2.000000
13  0    0.021373    0.993613   102.753558      62.933647   39.819911   34.906473 2.470441     3.072831    2.698590    0.042916    2.000000
14  0    0.021300    0.993654   108.534884      65.642532   42.892352   37.597399 2.708885     3.072440    2.690926    0.042916    2.000000
15  0    0.020729    0.993930   117.648301      71.640887   46.007415   40.328153 5.998355     3.115063    2.730754    0.042916    2.000000
16  0    0.020721    0.993946   121.199800      72.133163   49.066637   42.996282 0.492276     3.059222    2.668129    0.042916    2.000000
17  0    0.020136    0.994159   129.726276      77.595439   52.130836   45.696149 5.462276     3.064199    2.699867    0.042916    2.000000
18  0    0.020130    0.994174   133.274854      78.086346   55.188508   48.379296 0.490907     3.057671    2.683147    0.042916    2.000000
19  0    0.019787    0.994257   141.749913      83.510175   58.239739   51.077718 5.423828     3.051231    2.698422    0.042916    2.000000
20  0    0.019839    0.994262   145.354719      84.004095   61.350624   53.819717 0.493921     3.110885    2.741999    0.042916    2.000000
21  0    0.019497    0.994320   153.814098      89.364554   64.449544   56.530181 5.360459     3.098920    2.710464    0.042916    2.000000
22  0    0.019507    0.994320   157.348992      89.852858   67.496134   59.217144 0.488304     3.046591    2.686963    0.042916    2.000000
23  0    0.019231    0.994372   165.635629      95.062245   70.573384   61.895508 5.209388     3.077249    2.678365    0.042916    2.000000
24  0    0.019244    0.994387   169.187250      95.566861   73.620389   64.574963 0.504616     3.047005    2.679455    0.042916    2.000000
25  0    0.019018    0.994426   177.272119     100.583612   76.688507   67.261969 5.016751     3.068119    2.687006    0.042916    2.000000
26  0    0.019025    0.994435   180.812091     101.072957   79.739135   69.940364 0.489345     3.050627    2.678396    0.042916    2.000000
27  0    0.018832    0.994462   188.903124     106.070744   82.832380   72.633195 4.997788     3.093245    2.692831    0.042916    2.000000
28  0    0.018858    0.994485   193.446161     107.545847   85.900315   75.316555 1.475102     3.067935    2.683361    0.042916    2.000000
29  0    0.018701    0.994499   201.312163     112.355722   88.956442   78.004891 4.809875     3.056127    2.688336    0.042916    2.000000
30  0    0.018625    0.994514   207.131104     115.143780   91.987324   80.667822 2.788059     3.030882    2.662931    0.042916    2.000000
31  0    0.018554    0.994527   214.424179     119.356432   95.067747   83.378004 4.212651     3.080424    2.710181    0.042916    2.000000
32  0    0.018475    0.994531   221.000257     122.857127   98.143130   86.076550 3.500695     3.075382    2.698546    0.042916    2.000000
33  0    0.018472    0.994552   226.049794     124.841783  101.208010   88.759874 1.984656     3.064880    2.683324    0.042916    2.000000
34  0    0.018317    0.994585   233.835322     129.552414  104.282908   91.458193 4.710631     3.074897    2.698319    0.042916    2.000000
35  0    0.018313    0.994572   238.068617     130.717138  107.351479   94.143323 1.164724     3.068572    2.685130    0.042916    2.000000
36  0    0.018216    0.994606   245.972618     135.541075  110.431543   96.842165 4.823937     3.080064    2.698841    0.042916    2.000000
37  0    0.018231    0.994600   249.523832     136.033548  113.490285   99.536289 0.492473     3.058742    2.694124    0.042916    2.000000
38  0    0.018150    0.994614   257.209394     140.629631  116.579763  102.249425 4.596083     3.089478    2.713136    0.042916    2.000000
39  0    0.018148    0.994610   260.751866     141.118008  119.633857  104.917920 0.488377     3.054094    2.668495    0.042916    2.000000
40  0    0.018369    0.994589   268.501374     145.827586  122.673788  107.594210 4.709578     3.039931    2.676291    0.042916    2.000000
41  0    0.018311    0.994595   276.439550     150.716129  125.723421  110.268722 4.888543     3.049633    2.674511    0.042916    2.000000
42  0    0.018121    0.994625   284.686688     155.901664  128.785024  112.967551 5.185535     3.061603    2.698830    0.042916    2.000000
43  0    0.018151    0.994660   291.075884     159.224149  131.851735  115.646613 3.322484     3.066712    2.679061    0.042916    2.000000
44  0    0.018149    0.994656   296.865424     161.892489  134.972935  118.326920 2.668340     3.121200    2.680307    0.042916    2.000000
45  0    0.018075    0.994660   302.561857     164.490917  138.070940  121.034652 2.598428     3.098005    2.707733    0.042916    2.000000
46  0    0.018073    0.994660   306.103937     164.980462  141.123475  123.714882 0.489544     3.052535    2.680230    0.042916    2.000000
47  0    0.018048    0.994666   311.857108     167.677972  144.179136  126.400493 2.697510     3.055662    2.685611    0.042916    2.000000
48  0    0.018023    0.994666   319.521143     172.286365  147.234777  129.087228 4.608393     3.055641    2.686735    0.042916    2.000000
49  0    0.018189    0.994646   327.019630     176.720505  150.299125  131.770824 4.434140     3.064347    2.683596    0.042916    2.000000
50  0    0.018311    0.994618   334.418964     181.062428  153.356536  134.456271 4.341923     3.057412    2.685447    0.042916    2.000000
total average training time is: 469.645

total average update time is: 181.062

total average wait time is: 153.357

total average synchronization time is: 134.456

Total train time is 484.806 second.
