dim=3231961
procnum = 16,synchronize!!!
Max Iterations = 50
#   RANK ObjectValue Accuracy   SumIterTime AvUpdateTime AvWaitTime AvSynchTime SparseRatio Rho 
1   0    0.368677    0.959001   2.519532    1.507019     1.012513   0.986150    0.127973    1.000000
2   0    0.116393    0.977226   5.777498    2.274682     0.983284   0.956358    0.127973    1.000000
3   0    0.069392    0.980731   9.490706    2.729182     0.984027   0.960377    0.127975    1.000000
4   0    0.051938    0.982470   13.578620   3.108510     0.979403   0.954741    0.128092    1.000000
5   0    0.042920    0.984419   18.570039   4.005592     0.985827   0.958653    0.129179    1.000000
6   0    0.037153    0.986484   25.783580   6.230240     0.983301   0.957399    0.131936    1.000000
7   0    0.038852    0.985858   36.634355   9.863262     0.987512   0.961645    0.132700    1.000000
8   0    0.034709    0.987401   45.356709   7.736658     0.985696   0.958636    0.133327    1.000000
9   0    0.033095    0.987941   53.516212   7.186745     0.972759   0.951827    0.134265    1.000000
10  0    0.032209    0.988296   65.349431   10.851750    0.981469   0.956453    0.134945    1.000000
11  0    0.031959    0.988325   76.534023   10.198178    0.986414   0.961330    0.135093    1.000000
12  0    0.031400    0.988627   86.201206   8.681019     0.986164   0.960870    0.135227    1.000000
13  0    0.030893    0.988857   94.935988   7.753373     0.981409   0.958053    0.135329    1.000000
14  0    0.030866    0.988888   102.534203  6.613492     0.984723   0.961418    0.135409    1.000000
15  0    0.031048    0.988782   110.098700  6.574494     0.990002   0.966245    0.135564    1.000000
16  0    0.031047    0.988771   111.559156  0.476645     0.983811   0.960319    0.135775    1.000000
17  0    0.031393    0.988536   119.420426  6.882877     0.978393   0.954883    0.136059    1.000000
18  0    0.031226    0.988694   128.810650  8.408959     0.981265   0.956087    0.136186    1.000000
19  0    0.031440    0.988596   136.145344  6.347051     0.987643   0.963018    0.136288    1.000000
20  0    0.031180    0.988707   147.384657  10.247607    0.991705   0.967118    0.136397    1.000000
21  0    0.030883    0.988882   156.960968  8.584868     0.991443   0.967013    0.136437    1.000000
22  0    0.030768    0.988978   165.315455  7.373977     0.980510   0.957386    0.136504    1.000000
23  0    0.030445    0.989126   174.271673  7.968283     0.987935   0.964503    0.136561    1.000000
24  0    0.030314    0.989164   182.103743  6.847329     0.984741   0.963106    0.136590    1.000000
25  0    0.030351    0.989155   191.909564  8.824708     0.981112   0.955363    0.136632    1.000000
26  0    0.030282    0.989183   200.430317  7.535811     0.984941   0.959300    0.136676    1.000000
27  0    0.030182    0.989272   208.664514  7.259297     0.974900   0.949571    0.136731    1.000000
28  0    0.030015    0.989258   216.585896  6.937673     0.983709   0.960127    0.136755    1.000000
29  0    0.029890    0.989387   225.226458  7.656373     0.984188   0.959462    0.136816    1.000000
30  0    0.029885    0.989391   233.956139  7.736060     0.993621   0.966587    0.136856    1.000000
31  0    0.029866    0.989320   241.988781  7.044694     0.987948   0.963027    0.136941    1.000000
32  0    0.029447    0.989539   250.886133  7.903241     0.994112   0.967551    0.136986    1.000000
33  0    0.029381    0.989502   258.918413  7.048920     0.983360   0.958793    0.137019    1.000000
34  0    0.029339    0.989592   269.081618  9.175114     0.988091   0.962384    0.137073    1.000000
35  0    0.029336    0.989529   277.049878  6.985053     0.983207   0.958170    0.137134    1.000000
36  0    0.029730    0.989477   286.258783  8.219599     0.989307   0.965117    0.137235    1.000000
37  0    0.029422    0.989594   294.797330  7.545406     0.993141   0.965964    0.137346    1.000000
38  0    0.029702    0.989462   303.268511  7.482627     0.988554   0.963065    0.137402    1.000000
39  0    0.029297    0.989539   312.662926  8.403714     0.990701   0.966318    0.137453    1.000000
40  0    0.029094    0.989656   322.271427  8.616321     0.992181   0.965816    0.137519    1.000000
41  0    0.029014    0.989700   331.515389  8.258045     0.985917   0.962172    0.137567    1.000000
42  0    0.028975    0.989662   341.258594  8.757386     0.985818   0.959919    0.137611    1.000000
43  0    0.028917    0.989779   349.771238  7.529625     0.983019   0.959649    0.137648    1.000000
44  0    0.028828    0.989736   359.724412  8.969060     0.984114   0.959817    0.137696    1.000000
45  0    0.028829    0.989746   367.720563  7.004154     0.991997   0.965059    0.137727    1.000000
46  0    0.028804    0.989719   377.195053  8.491405     0.983086   0.960374    0.137763    1.000000
47  0    0.028827    0.989809   385.668356  7.480560     0.992743   0.965835    0.137786    1.000000
48  0    0.028774    0.989771   393.591119  6.932341     0.990422   0.964854    0.137817    1.000000
49  0    0.028807    0.989733   402.736735  8.160529     0.985087   0.960938    0.137832    1.000000
50  0    0.029302    0.989525   411.022201  7.286592     0.998873   0.973692    0.137860    1.000000
total average training time is: 432.747

total average update time is: 361.696

total average wait time is: 49.3261

total average synchronization time is: 48.0825

Total train time is 439.778 second.
