dim=3231961
procnum=8,synchronize!!!
#   RANK TRONIter-k  CG-time    HvIter-k             Hv-time   Update-time ObjectValue Problem    Gradient   Diagonal   Comm-time  
1   0    8           39.834968  5  10 14 15 18 26 55 32.860120 43.686065   0.693147    0.130641   0.148982   0.132340   0.736557   
1   1    8           39.507346  5  10 14 16 18 27 53 32.602978 43.366799   0.000000    0.130708   0.148701   0.132131   0.736557   
1   4    8           39.974362  5  9  14 15 19 26 54 32.410741 43.939928   0.000000    0.128827   0.149075   0.130925   0.736557   
1   6    8           41.050615  5  9  12 15 19 25 55 33.572553 45.084443   0.000000    0.129587   0.153495   0.133663   0.736557   
1   2    8           37.696553  5  10 13 16 19 26 55 29.849682 41.323488   0.000000    0.118537   0.135514   0.117528   0.736557   
1   5    8           40.452869  5  10 14 15 18 27 55 32.814024 44.266570   0.000000    0.128220   0.148778   0.128975   0.736557   
1   3    8           37.557965  5  10 14 15 18 27 55 29.827708 41.290413   0.000000    0.118846   0.136060   0.118380   0.736557   
1   7    8           45.010973  5  11 9  17 20 39 55 36.878845 48.959378   0.000000    0.130947   0.154756   0.136410   0.736557   
2   0    1           0.000000   0  0  0  0  0  0  0  0.000000  0.753443    0.693147    0.132496   0.149146   0.133576   0.790261   
2   1    1           0.000000   0  0  0  0  0  0  0  0.000000  0.752328    0.000000    0.131959   0.148742   0.133398   0.790261   
2   4    1           0.000000   0  0  0  0  0  0  0  0.000000  0.740916    0.000000    0.128683   0.147816   0.129224   0.790261   
2   2    1           0.000000   0  0  0  0  0  0  0  0.000000  0.689717    0.000000    0.117615   0.135008   0.117346   0.790261   
2   3    1           0.000000   0  0  0  0  0  0  0  0.000000  0.689702    0.000000    0.118038   0.134789   0.117598   0.790261   
2   6    3           18.641437  54 25 0  0  0  0  0  15.543797 20.144261   0.000000    0.128706   0.152967   0.134682   0.790261   
2   5    3           16.226633  52 22 0  0  0  0  0  13.406178 17.666091   0.000000    0.128588   0.147628   0.128008   0.790261   
2   7    1           0.000000   0  0  0  0  0  0  0  0.000000  0.763026    0.000000    0.129341   0.154130   0.136698   0.790261   
3   0    4           25.749421  50 22 23 0  0  0  0  21.450590 27.840447   0.693147    0.132237   0.149129   0.133069   0.739086   
3   1    4           27.495914  54 22 26 0  0  0  0  22.887114 29.513365   0.000000    0.131584   0.149151   0.133119   0.739086   
3   4    4           24.363782  53 23 34 0  0  0  0  20.125274 26.156969   0.000000    0.127251   0.149258   0.129160   0.739086   
3   6    1           0.000000   0  0  0  0  0  0  0  0.000000  0.758841    0.000000    0.128622   0.153418   0.134846   0.739086   
3   2    4           25.466745  50 22 26 0  0  0  0  20.352459 27.331035   0.000000    0.117637   0.134804   0.117507   0.739086   
3   3    4           25.145646  54 19 24 0  0  0  0  20.119159 27.096100   0.000000    0.117763   0.134695   0.117747   0.739086   
3   7    4           23.630168  53 20 26 0  0  0  0  19.687728 25.515747   0.000000    0.129245   0.154083   0.136073   0.739086   
3   5    1           0.000000   0  0  0  0  0  0  0  0.000000  0.738122    0.000000    0.127133   0.149096   0.128284   0.739086   
4   0    1           0.000000   0  0  0  0  0  0  0  0.000000  0.755368    0.693147    0.132668   0.149947   0.133941   0.784767   
4   1    1           0.000000   0  0  0  0  0  0  0  0.000000  0.754981    0.000000    0.132691   0.149662   0.134086   0.784767   
4   4    1           0.000000   0  0  0  0  0  0  0  0.000000  0.754691    0.000000    0.128574   0.150450   0.132811   0.784767   
4   5    3           19.387174  57 30 0  0  0  0  0  16.061436 20.841438   0.000000    0.128311   0.150171   0.131671   0.784767   
4   2    1           0.000000   0  0  0  0  0  0  0  0.000000  0.687359    0.000000    0.117559   0.134740   0.117537   0.784767   
4   3    1           0.000000   0  0  0  0  0  0  0  0.000000  0.687745    0.000000    0.117473   0.134932   0.117713   0.784767   
4   6    3           20.340633  56 30 0  0  0  0  0  16.956514 21.846388   0.000000    0.128789   0.153193   0.134936   0.784767   
4   7    1           0.000000   0  0  0  0  0  0  0  0.000000  0.761700    0.000000    0.129250   0.154133   0.136250   0.784767   
5   0    3           23.274725  64 22 0  0  0  0  0  19.255486 24.925836   0.693147    0.132459   0.149336   0.133343   0.746889   
5   1    3           24.079759  67 22 0  0  0  0  0  19.885532 25.660606   0.000000    0.131901   0.149059   0.133413   0.746889   
5   2    3           23.133840  64 25 0  0  0  0  0  18.298558 24.588904   0.000000    0.117529   0.134806   0.117579   0.746889   
5   6    1           0.000000   0  0  0  0  0  0  0  0.000000  0.759248    0.000000    0.128749   0.153535   0.134566   0.746889   
5   4    3           19.878839  67 23 0  0  0  0  0  16.442155 21.319591   0.000000    0.127629   0.147804   0.128706   0.746889   
5   3    3           22.819906  65 23 0  0  0  0  0  18.107312 24.363598   0.000000    0.117789   0.134921   0.117748   0.746889   
5   7    3           19.340413  65 39 0  0  0  0  0  15.629018 20.679422   0.000000    0.129472   0.154186   0.136300   0.746889   
5   5    1           0.000000   0  0  0  0  0  0  0  0.000000  0.737670    0.000000    0.127109   0.147652   0.128413   0.746889   
6   0    1           0.000000   0  0  0  0  0  0  0  0.000000  0.755705    0.693147    0.132332   0.149856   0.133954   0.839803   
6   1    1           0.000000   0  0  0  0  0  0  0  0.000000  0.754871    0.000000    0.132010   0.149665   0.133952   0.839803   
6   4    1           0.000000   0  0  0  0  0  0  0  0.000000  0.743042    0.000000    0.128917   0.148021   0.128906   0.839803   
6   6    1           0.000000   0  0  0  0  0  0  0  0.000000  0.754140    0.000000    0.133630   0.156992   0.113043   0.839803   
6   2    1           0.000000   0  0  0  0  0  0  0  0.000000  0.690259    0.000000    0.118984   0.134977   0.117646   0.839803   
6   5    1           0.000000   0  0  0  0  0  0  0  0.000000  0.741899    0.000000    0.128435   0.147904   0.128179   0.839803   
6   3    1           0.000000   0  0  0  0  0  0  0  0.000000  0.690446    0.000000    0.119006   0.134961   0.117343   0.839803   
6   7    1           0.000000   0  0  0  0  0  0  0  0.000000  0.611439    0.000000    0.102772   0.120372   0.111403   0.839803   
7   0    1           0.000000   0  0  0  0  0  0  0  0.000000  0.753679    0.693147    0.132689   0.149495   0.134107   0.791435   
7   1    2           13.678645  57 0  0  0  0  0  0  11.487947 14.827246   0.000000    0.132463   0.149922   0.133856   0.791435   
7   6    2           14.399509  61 0  0  0  0  0  0  11.993614 15.528480   0.000000    0.134066   0.156758   0.112731   0.791435   
7   4    1           0.000000   0  0  0  0  0  0  0  0.000000  0.740476    0.000000    0.127312   0.148028   0.128458   0.791435   
7   2    1           0.000000   0  0  0  0  0  0  0  0.000000  0.687810    0.000000    0.117550   0.135029   0.117490   0.791435   
7   3    1           0.000000   0  0  0  0  0  0  0  0.000000  0.687917    0.000000    0.117729   0.134954   0.117512   0.791435   
7   7    1           0.000000   0  0  0  0  0  0  0  0.000000  0.612121    0.000000    0.103097   0.120516   0.111561   0.791435   
7   5    2           14.050663  64 0  0  0  0  0  0  11.626372 15.142296   0.000000    0.127212   0.147958   0.128875   0.791435   
8   0    3           20.464365  49 35 0  0  0  0  0  17.201018 22.009601   0.693147    0.132799   0.149793   0.134648   0.827153   
8   1    1           0.000000   0  0  0  0  0  0  0  0.000000  0.755007    0.000000    0.132678   0.150134   0.134252   0.827153   
8   6    1           0.000000   0  0  0  0  0  0  0  0.000000  0.776912    0.000000    0.134067   0.156988   0.134607   0.827153   
8   4    3           18.631827  50 34 0  0  0  0  0  15.415446 20.073513   0.000000    0.127584   0.148083   0.129195   0.827153   
8   2    3           22.558903  55 32 0  0  0  0  0  17.857128 24.113275   0.000000    0.117383   0.134837   0.117525   0.827153   
8   3    3           23.718211  58 34 0  0  0  0  0  18.723213 25.123968   0.000000    0.117460   0.134806   0.117512   0.827153   
8   7    3           15.865802  54 33 0  0  0  0  0  12.788180 17.053883   0.000000    0.102840   0.120500   0.111319   0.827153   
8   5    1           0.000000   0  0  0  0  0  0  0  0.000000  0.737341    0.000000    0.127224   0.147921   0.128031   0.827153   
9   0    1           0.000000   0  0  0  0  0  0  0  0.000000  0.756393    0.693147    0.132900   0.149700   0.134541   0.826218   
9   1    1           0.000000   0  0  0  0  0  0  0  0.000000  0.755194    0.000000    0.132826   0.149441   0.133715   0.826218   
9   4    1           0.000000   0  0  0  0  0  0  0  0.000000  0.741248    0.000000    0.127671   0.149039   0.129268   0.826218   
9   2    1           0.000000   0  0  0  0  0  0  0  0.000000  0.687887    0.000000    0.117361   0.134748   0.117667   0.826218   
9   3    1           0.000000   0  0  0  0  0  0  0  0.000000  0.687945    0.000000    0.117547   0.134896   0.117272   0.826218   
9   6    1           0.000000   0  0  0  0  0  0  0  0.000000  0.754933    0.000000    0.133622   0.157047   0.113028   0.826218   
9   5    1           0.000000   0  0  0  0  0  0  0  0.000000  0.739120    0.000000    0.126838   0.148406   0.128003   0.826218   
9   7    1           0.000000   0  0  0  0  0  0  0  0.000000  0.610715    0.000000    0.102937   0.120120   0.111394   0.826218   
10  0    2           11.198128  41 0  0  0  0  0  0  9.134730  12.395509   0.693147    0.133286   0.149857   0.133767   0.838188   
10  1    2           14.969066  57 0  0  0  0  0  0  12.392062 16.114285   0.000000    0.132578   0.149691   0.133648   0.838188   
10  4    2           9.464648   43 0  0  0  0  0  0  7.818307  10.555814   0.000000    0.127531   0.147978   0.130465   0.838188   
10  6    1           0.000000   0  0  0  0  0  0  0  0.000000  0.777354    0.000000    0.133990   0.157006   0.134947   0.838188   
10  5    1           0.000000   0  0  0  0  0  0  0  0.000000  0.737867    0.000000    0.127063   0.147759   0.129220   0.838188   
10  2    2           14.162590  54 0  0  0  0  0  0  10.727799 15.268700   0.000000    0.117497   0.134951   0.117491   0.838188   
10  3    3           26.382531  54 63 0  0  0  0  0  20.816852 27.822863   0.000000    0.117591   0.134744   0.117466   0.838188   
10  7    3           18.275431  40 60 0  0  0  0  0  14.742953 19.466549   0.000000    0.103092   0.120605   0.111551   0.838188   
11  0    2           16.294597  68 0  0  0  0  0  0  13.701519 17.435329   0.693147    0.131907   0.148527   0.132617   0.819773   
11  1    1           0.000000   0  0  0  0  0  0  0  0.000000  0.749260    0.000000    0.132527   0.149025   0.133195   0.819773   
11  6    4           23.840816  63 23 14 0  0  0  0  19.869709 25.719562   0.000000    0.133729   0.157180   0.112949   0.819773   
11  4    2           18.536345  66 0  0  0  0  0  0  14.763377 19.725076   0.000000    0.129040   0.147774   0.128834   0.819773   
11  2    3           27.114481  46 92 0  0  0  0  0  22.253365 28.427441   0.000000    0.117316   0.134845   0.118227   0.819773   
11  3    1           0.000000   0  0  0  0  0  0  0  0.000000  0.684577    0.000000    0.117683   0.134633   0.117770   0.819773   
11  7    1           0.000000   0  0  0  0  0  0  0  0.000000  0.610454    0.000000    0.102589   0.120492   0.111426   0.819773   
11  5    5           26.241015  65 5  20 11 0  0  0  21.141143 28.513563   0.000000    0.128455   0.147570   0.127985   0.819773   
12  0    1           0.000000   0  0  0  0  0  0  0  0.000000  0.756827    0.693147    0.132931   0.150687   0.134624   0.761710   
12  1    3           28.543413  54 63 0  0  0  0  0  24.046046 30.090166   0.000000    0.132658   0.150596   0.134103   0.761710   
12  6    1           0.000000   0  0  0  0  0  0  0  0.000000  0.754626    0.000000    0.133687   0.157180   0.112770   0.761710   
12  4    1           0.000000   0  0  0  0  0  0  0  0.000000  0.742159    0.000000    0.127456   0.147900   0.128913   0.761710   
12  2    1           0.000000   0  0  0  0  0  0  0  0.000000  0.683059    0.000000    0.117433   0.134773   0.117507   0.761710   
12  7    1           0.000000   0  0  0  0  0  0  0  0.000000  0.610440    0.000000    0.102763   0.120453   0.111673   0.761710   
12  5    1           0.000000   0  0  0  0  0  0  0  0.000000  0.741196    0.000000    0.127027   0.147781   0.128292   0.761710   
12  3    3           16.662766  55 30 0  0  0  0  0  13.622716 17.974095   0.000000    0.117515   0.135173   0.117493   0.761710   
13  0    1           0.000000   0  0  0  0  0  0  0  0.000000  0.758565    0.693147    0.132617   0.150878   0.135011   0.787374   
13  1    1           0.000000   0  0  0  0  0  0  0  0.000000  0.756946    0.000000    0.132642   0.150464   0.134100   0.787374   
13  6    3           26.213435  54 38 0  0  0  0  0  21.564070 27.868844   0.000000    0.133827   0.157418   0.135348   0.787374   
13  2    1           0.000000   0  0  0  0  0  0  0  0.000000  0.687546    0.000000    0.117273   0.134940   0.117443   0.787374   
13  4    1           0.000000   0  0  0  0  0  0  0  0.000000  0.738997    0.000000    0.127304   0.147891   0.129071   0.787374   
13  3    1           0.000000   0  0  0  0  0  0  0  0.000000  0.687669    0.000000    0.117450   0.134677   0.117259   0.787374   
13  7    3           17.862494  38 39 0  0  0  0  0  14.134724 19.218242   0.000000    0.102915   0.120266   0.111299   0.787374   
13  5    3           18.586995  50 34 0  0  0  0  0  15.352840 20.028214   0.000000    0.126865   0.147663   0.128723   0.787374   
14  0    2           13.912500  56 0  0  0  0  0  0  11.702977 15.079006   0.693147    0.132287   0.150495   0.134073   1.049143   
14  1    1           0.000000   0  0  0  0  0  0  0  0.000000  0.752261    0.000000    0.131723   0.150212   0.133512   1.049143   
14  2    1           0.000000   0  0  0  0  0  0  0  0.000000  0.686899    0.000000    0.117348   0.134851   0.117477   1.049143   
14  6    1           0.000000   0  0  0  0  0  0  0  0.000000  0.755137    0.000000    0.133492   0.156820   0.113260   1.049143   
14  4    2           8.152878   37 0  0  0  0  0  0  6.723333  9.243493    0.000000    0.128014   0.148045   0.128967   1.049143   
14  3    1           0.000000   0  0  0  0  0  0  0  0.000000  0.687353    0.000000    0.117693   0.134959   0.117732   1.049143   
14  7    1           0.000000   0  0  0  0  0  0  0  0.000000  0.611627    0.000000    0.102856   0.120342   0.111660   1.049143   
14  5    1           0.000000   0  0  0  0  0  0  0  0.000000  0.737352    0.000000    0.127294   0.147641   0.128113   1.049143   
15  0    1           0.000000   0  0  0  0  0  0  0  0.000000  0.761684    0.693147    0.139018   0.154028   0.132793   0.753362   
15  1    6           23.778627  47 5  14 17 14 0  0  19.849694 26.534209   0.000000    0.138598   0.154423   0.132445   0.753362   
15  4    1           0.000000   0  0  0  0  0  0  0  0.000000  0.742827    0.000000    0.127595   0.148220   0.128778   0.753362   
15  6    1           0.000000   0  0  0  0  0  0  0  0.000000  0.778623    0.000000    0.134161   0.156829   0.135798   0.753362   
15  2    1           0.000000   0  0  0  0  0  0  0  0.000000  0.684112    0.000000    0.117482   0.134358   0.117451   0.753362   
15  5    1           0.000000   0  0  0  0  0  0  0  0.000000  0.741754    0.000000    0.127442   0.148066   0.128067   0.753362   
15  3    3           18.062112  39 53 0  0  0  0  0  14.779353 19.375513   0.000000    0.117393   0.134848   0.117849   0.753362   
15  7    3           11.806973  36 28 0  0  0  0  0  9.531988  12.993600   0.000000    0.102892   0.120391   0.111449   0.753362   
16  0    1           0.000000   0  0  0  0  0  0  0  0.000000  0.759818    0.693147    0.132722   0.151811   0.134160   0.788715   
16  1    1           0.000000   0  0  0  0  0  0  0  0.000000  0.758278    0.000000    0.132274   0.151130   0.133969   0.788715   
16  4    1           0.000000   0  0  0  0  0  0  0  0.000000  0.754408    0.000000    0.130451   0.152310   0.129711   0.788715   
16  6    3           20.405623  54 32 0  0  0  0  0  16.989611 21.909539   0.000000    0.133606   0.157231   0.113194   0.788715   
16  2    2           11.742733  60 0  0  0  0  0  0  9.609146  12.740071   0.000000    0.117343   0.134624   0.117696   0.788715   
16  5    3           18.101278  53 29 0  0  0  0  0  14.945981 19.556583   0.000000    0.130271   0.152119   0.128322   0.788715   
16  3    1           0.000000   0  0  0  0  0  0  0  0.000000  0.683548    0.000000    0.117738   0.134950   0.117434   0.788715   
16  7    1           0.000000   0  0  0  0  0  0  0  0.000000  0.611913    0.000000    0.102909   0.120339   0.111814   0.788715   
17  0    1           0.000000   0  0  0  0  0  0  0  0.000000  0.758016    0.693147    0.133194   0.151604   0.134668   0.744987   
17  1    3           19.411449  49 31 0  0  0  0  0  16.283201 20.958302   0.000000    0.132576   0.151489   0.133672   0.744987   
17  4    1           0.000000   0  0  0  0  0  0  0  0.000000  0.743493    0.000000    0.127639   0.149394   0.129318   0.744987   
17  6    1           0.000000   0  0  0  0  0  0  0  0.000000  0.777164    0.000000    0.133943   0.157061   0.134546   0.744987   
17  2    1           0.000000   0  0  0  0  0  0  0  0.000000  0.682911    0.000000    0.117519   0.134648   0.117422   0.744987   
17  3    3           14.882181  49 27 0  0  0  0  0  12.153684 16.194052   0.000000    0.117487   0.134911   0.118116   0.744987   
17  5    1           0.000000   0  0  0  0  0  0  0  0.000000  0.741626    0.000000    0.127417   0.149120   0.127957   0.744987   
17  7    3           11.584654  35 28 0  0  0  0  0  9.329268  12.770643   0.000000    0.102956   0.120120   0.111469   0.744987   
18  0    1           0.000000   0  0  0  0  0  0  0  0.000000  0.755805    0.693147    0.133159   0.150713   0.135197   0.792367   
18  1    2           9.684046   40 0  0  0  0  0  0  8.118864  10.832261   0.000000    0.131921   0.150314   0.134545   0.792367   
18  6    3           20.384803  54 32 0  0  0  0  0  16.966170 21.888820   0.000000    0.133599   0.157204   0.113037   0.792367   
18  4    1           0.000000   0  0  0  0  0  0  0  0.000000  0.753742    0.000000    0.127466   0.148713   0.132821   0.792367   
18  2    1           0.000000   0  0  0  0  0  0  0  0.000000  0.687670    0.000000    0.117555   0.134814   0.117609   0.792367   
18  3    1           0.000000   0  0  0  0  0  0  0  0.000000  0.687856    0.000000    0.117531   0.135033   0.117596   0.792367   
18  5    3           16.808113  46 30 0  0  0  0  0  13.875152 18.261613   0.000000    0.126959   0.148492   0.131492   0.792367   
18  7    1           0.000000   0  0  0  0  0  0  0  0.000000  0.612025    0.000000    0.102942   0.120249   0.111589   0.792367   
19  0    3           23.013616  61 32 0  0  0  0  0  19.335382 24.582224   0.693147    0.132770   0.150826   0.134722   1.047383   
19  2    1           0.000000   0  0  0  0  0  0  0  0.000000  0.683229    0.000000    0.117516   0.134436   0.117492   1.047383   
19  6    1           0.000000   0  0  0  0  0  0  0  0.000000  0.777639    0.000000    0.134146   0.157269   0.134501   1.047383   
19  4    3           20.926535  61 34 0  0  0  0  0  17.287827 22.368968   0.000000    0.127648   0.148135   0.128738   1.047383   
19  1    1           0.000000   0  0  0  0  0  0  0  0.000000  0.754154    0.000000    0.131594   0.150990   0.133679   1.047383   
19  3    3           15.671237  35 45 0  0  0  0  0  12.802529 16.982395   0.000000    0.117589   0.134877   0.117496   1.047383   
19  7    3           10.884080  24 35 0  0  0  0  0  8.776903  12.069952   0.000000    0.103111   0.120281   0.111317   1.047383   
19  5    1           0.000000   0  0  0  0  0  0  0  0.000000  0.738929    0.000000    0.127520   0.147940   0.128344   1.047383   
20  0    1           0.000000   0  0  0  0  0  0  0  0.000000  0.757035    0.693147    0.132865   0.150011   0.133837   1.099346   
20  2    2           16.594905  85 0  0  0  0  0  0  13.590275 17.593367   0.000000    0.117532   0.134910   0.117735   1.099346   
20  6    3           19.796893  55 28 0  0  0  0  0  16.523073 21.300010   0.000000    0.133144   0.157334   0.112755   1.099346   
20  4    1           0.000000   0  0  0  0  0  0  0  0.000000  0.740991    0.000000    0.127201   0.149331   0.129371   1.099346   
20  1    1           0.000000   0  0  0  0  0  0  0  0.000000  0.757077    0.000000    0.132921   0.150203   0.133902   1.099346   
20  3    1           0.000000   0  0  0  0  0  0  0  0.000000  0.684857    0.000000    0.117565   0.134947   0.117769   1.099346   
20  7    1           0.000000   0  0  0  0  0  0  0  0.000000  0.611493    0.000000    0.103692   0.120247   0.111591   1.099346   
20  5    3           17.014632  49 28 0  0  0  0  0  14.042887 18.465708   0.000000    0.127369   0.149028   0.128327   1.099346   
21  0    3           22.797068  62 33 0  0  0  0  0  19.205634 24.373125   0.693147    0.138361   0.157306   0.142085   0.730135   
21  1    1           0.000000   0  0  0  0  0  0  0  0.000000  0.785647    0.000000    0.137715   0.156943   0.140980   0.730135   
21  6    1           0.000000   0  0  0  0  0  0  0  0.000000  0.776656    0.000000    0.134005   0.157088   0.134342   0.730135   
21  4    3           20.816653  57 37 0  0  0  0  0  17.230389 22.261231   0.000000    0.127721   0.147971   0.129495   0.730135   
21  2    1           0.000000   0  0  0  0  0  0  0  0.000000  0.682607    0.000000    0.117572   0.134195   0.117386   0.730135   
21  7    3           11.382483  31 31 0  0  0  0  0  9.171587  12.570222   0.000000    0.102908   0.119958   0.111830   0.730135   
21  5    1           0.000000   0  0  0  0  0  0  0  0.000000  0.737882    0.000000    0.127212   0.148084   0.128111   0.730135   
21  3    3           15.675673  36 44 0  0  0  0  0  12.810738 16.987890   0.000000    0.117661   0.134704   0.117753   0.730135   
22  0    1           0.000000   0  0  0  0  0  0  0  0.000000  0.758329    0.693147    0.137917   0.157216   0.116974   0.784055   
22  1    1           0.000000   0  0  0  0  0  0  0  0.000000  0.585073    0.000000    0.105381   0.112666   0.108527   0.784055   
22  6    1           0.000000   0  0  0  0  0  0  0  0.000000  0.754064    0.000000    0.133490   0.156945   0.113098   0.784055   
22  4    1           0.000000   0  0  0  0  0  0  0  0.000000  0.741246    0.000000    0.127448   0.148323   0.129356   0.784055   
22  2    2           16.971400  87 0  0  0  0  0  0  13.904032 17.970781   0.000000    0.117238   0.135128   0.117513   0.784055   
22  5    1           0.000000   0  0  0  0  0  0  0  0.000000  0.738976    0.000000    0.127086   0.147874   0.127780   0.784055   
22  3    1           0.000000   0  0  0  0  0  0  0  0.000000  0.684681    0.000000    0.117648   0.134822   0.117233   0.784055   
22  7    1           0.000000   0  0  0  0  0  0  0  0.000000  0.611927    0.000000    0.102916   0.120278   0.111327   0.784055   
23  0    1           0.000000   0  0  0  0  0  0  0  0.000000  0.760145    0.693147    0.137853   0.157619   0.117792   0.800975   
23  1    1           0.000000   0  0  0  0  0  0  0  0.000000  0.584701    0.000000    0.105598   0.112391   0.109668   0.800975   
23  6    3           20.076595  51 28 0  0  0  0  0  16.648383 21.601719   0.000000    0.133973   0.157090   0.134753   0.800975   
23  4    1           0.000000   0  0  0  0  0  0  0  0.000000  0.745906    0.000000    0.128712   0.147985   0.132499   0.800975   
23  2    1           0.000000   0  0  0  0  0  0  0  0.000000  0.683071    0.000000    0.117465   0.134881   0.117382   0.800975   
23  3    2           6.072972   31 0  0  0  0  0  0  4.946501  7.070647    0.000000    0.117497   0.135053   0.117891   0.800975   
23  7    2           4.854378   21 0  0  0  0  0  0  3.804264  5.847425    0.000000    0.103068   0.120311   0.111545   0.800975   
23  5    3           16.671121  50 25 0  0  0  0  0  13.797441 18.119912   0.000000    0.128167   0.148089   0.132196   0.800975   
24  4    3           21.271106  53 43 0  0  0  0  0  17.609154 22.715451   0.000000    0.128093   0.147914   0.131336   0.721961   
24  0    3           26.723879  60 36 0  0  0  0  0  22.520960 28.392571   0.693147    0.137590   0.157149   0.137189   0.721961   
24  6    1           0.000000   0  0  0  0  0  0  0  0.000000  0.754113    0.000000    0.133767   0.157084   0.112940   0.721961   
24  1    3           18.780672  50 35 0  0  0  0  0  15.495707 20.071323   0.000000    0.105562   0.112844   0.108179   0.721961   
24  2    1           0.000000   0  0  0  0  0  0  0  0.000000  0.683541    0.000000    0.117312   0.134514   0.117321   0.721961   
24  7    1           0.000000   0  0  0  0  0  0  0  0.000000  0.610873    0.000000    0.102844   0.120305   0.111706   0.721961   
24  5    1           0.000000   0  0  0  0  0  0  0  0.000000  0.735932    0.000000    0.127165   0.147148   0.129095   0.721961   
24  3    2           6.640986   34 0  0  0  0  0  0  5.413762  7.638285    0.000000    0.117571   0.134751   0.117551   0.721961   
25  0    1           0.000000   0  0  0  0  0  0  0  0.000000  0.759541    0.693147    0.137749   0.157723   0.117345   0.803313   
25  1    1           0.000000   0  0  0  0  0  0  0  0.000000  0.586303    0.000000    0.106021   0.112510   0.109943   0.803313   
25  6    4           33.560633  50 28 46 0  0  0  0  27.761817 35.478817   0.000000    0.134284   0.157264   0.135007   0.803313   
25  4    1           0.000000   0  0  0  0  0  0  0  0.000000  0.741590    0.000000    0.127430   0.148019   0.130344   0.803313   
25  2    3           29.471298  84 66 0  0  0  0  0  24.199164 30.784858   0.000000    0.117389   0.134846   0.117689   0.803313   
25  5    4           26.811376  49 28 44 0  0  0  0  22.158606 28.606792   0.000000    0.127400   0.148082   0.129566   0.803313   
25  3    1           0.000000   0  0  0  0  0  0  0  0.000000  0.684456    0.000000    0.117413   0.134818   0.117683   0.803313   
25  7    3           15.024498  31 34 0  0  0  0  0  11.878002 16.398107   0.000000    0.103041   0.120143   0.111480   0.803313   
26  0    3           23.119688  62 33 0  0  0  0  0  19.449394 24.672814   0.693147    0.138139   0.158221   0.117892   0.725767   
26  6    1           0.000000   0  0  0  0  0  0  0  0.000000  0.755021    0.000000    0.133687   0.157269   0.112770   0.725767   
26  4    3           16.379508  49 25 0  0  0  0  0  13.540763 17.827148   0.000000    0.127632   0.147923   0.128701   0.725767   
26  1    1           0.000000   0  0  0  0  0  0  0  0.000000  0.584678    0.000000    0.105377   0.112814   0.108665   0.725767   
26  2    1           0.000000   0  0  0  0  0  0  0  0.000000  0.687658    0.000000    0.117435   0.134674   0.117402   0.725767   
26  7    1           0.000000   0  0  0  0  0  0  0  0.000000  0.610714    0.000000    0.102839   0.120097   0.111446   0.725767   
26  5    1           0.000000   0  0  0  0  0  0  0  0.000000  0.739569    0.000000    0.127303   0.147623   0.128620   0.725767   
26  3    1           0.000000   0  0  0  0  0  0  0  0.000000  0.688000    0.000000    0.117537   0.134872   0.117475   0.725767   
27  0    1           0.000000   0  0  0  0  0  0  0  0.000000  0.759155    0.693147    0.137904   0.158258   0.116285   0.799320   
27  1    1           0.000000   0  0  0  0  0  0  0  0.000000  0.584326    0.000000    0.104940   0.112501   0.108499   0.799320   
27  4    1           0.000000   0  0  0  0  0  0  0  0.000000  0.747989    0.000000    0.131885   0.150589   0.129728   0.799320   
27  2    2           16.424947  84 0  0  0  0  0  0  13.452367 17.420292   0.000000    0.117411   0.134048   0.117659   0.799320   
27  6    3           22.397076  51 43 0  0  0  0  0  18.705953 23.901634   0.000000    0.133889   0.157183   0.112932   0.799320   
27  5    3           16.659477  49 26 0  0  0  0  0  13.784276 18.108965   0.000000    0.131684   0.150537   0.128723   0.799320   
27  3    1           0.000000   0  0  0  0  0  0  0  0.000000  0.683587    0.000000    0.117779   0.134634   0.118691   0.799320   
27  7    1           0.000000   0  0  0  0  0  0  0  0.000000  0.610865    0.000000    0.102900   0.120265   0.111357   0.799320   
28  0    3           27.985196  62 33 0  0  0  0  0  23.514856 29.652054   0.693147    0.138056   0.158357   0.135771   0.721603   
28  1    4           26.132246  65 25 29 0  0  0  0  21.438143 27.795571   0.000000    0.105239   0.112800   0.108894   0.721603   
28  4    2           9.888773   45 0  0  0  0  0  0  8.166538  10.980546   0.000000    0.127322   0.148050   0.129087   0.721603   
28  6    1           0.000000   0  0  0  0  0  0  0  0.000000  0.777552    0.000000    0.133683   0.156961   0.134663   0.721603   
28  2    1           0.000000   0  0  0  0  0  0  0  0.000000  0.686512    0.000000    0.117431   0.134632   0.117735   0.721603   
28  3    1           0.000000   0  0  0  0  0  0  0  0.000000  0.687132    0.000000    0.117463   0.135339   0.117439   0.721603   
28  7    3           8.103852   20 24 0  0  0  0  0  6.507176  9.292899    0.000000    0.102973   0.120320   0.111539   0.721603   
28  5    1           0.000000   0  0  0  0  0  0  0  0.000000  0.739576    0.000000    0.127033   0.148020   0.128488   0.721603   
29  0    1           0.000000   0  0  0  0  0  0  0  0.000000  0.757030    0.693147    0.137729   0.158092   0.115130   0.777069   
29  1    1           0.000000   0  0  0  0  0  0  0  0.000000  0.584667    0.000000    0.105399   0.113158   0.108515   0.777069   
29  6    3           17.691841  56 28 0  0  0  0  0  14.513180 19.022684   0.000000    0.133763   0.157093   0.112762   0.777069   
29  4    1           0.000000   0  0  0  0  0  0  0  0.000000  0.741127    0.000000    0.128389   0.148020   0.128734   0.777069   
29  5    3           17.097131  49 28 0  0  0  0  0  14.143082 18.541066   0.000000    0.128505   0.148144   0.128467   0.777069   
29  2    3           33.351880  87 67 0  0  0  0  0  26.654468 34.663355   0.000000    0.117233   0.134493   0.117600   0.777069   
29  7    1           0.000000   0  0  0  0  0  0  0  0.000000  0.611989    0.000000    0.102894   0.120193   0.111581   0.777069   
29  3    2           12.885121  49 0  0  0  0  0  0  9.771698  13.978649   0.000000    0.117644   0.134493   0.117779   0.777069   
30  0    3           28.627334  62 36 0  0  0  0  0  24.121437 30.292331   0.693147    0.137704   0.157827   0.135718   0.719925   
30  6    1           0.000000   0  0  0  0  0  0  0  0.000000  0.606520    0.000000    0.102065   0.119837   0.111459   0.719925   
30  4    3           16.989235  43 34 0  0  0  0  0  14.016906 18.431343   0.000000    0.127186   0.147647   0.130099   0.719925   
30  1    4           25.606477  66 25 26 0  0  0  0  21.020481 27.256264   0.000000    0.105314   0.112906   0.109263   0.719925   
30  2    1           0.000000   0  0  0  0  0  0  0  0.000000  0.688097    0.000000    0.117281   0.134935   0.117120   0.719925   
30  7    4           20.534569  29 26 31 0  0  0  0  17.047368 22.422191   0.000000    0.134462   0.157818   0.113549   0.719925   
30  5    1           0.000000   0  0  0  0  0  0  0  0.000000  0.738605    0.000000    0.126762   0.147678   0.129518   0.719925   
total max update time is: 30  3    1           0.000000   0  0  0  0  0  0  0  0.000000  0.688236    0.000000    0.117428   0.134624   0.117416   0.719925   
725.835

total max communication time is: 24.1486

total max wait time is: 665.881

Total train time is 755.353 second.
