###备注
---
	该测试是在adaptive_penalty()基础上做的测试，无topk有自适应惩罚项参数。
---
dim=3231961
procnum = 64,synchronize!!!
Max Iterations = 50
#   RANK ObjectValue Accuracy   SumIterTime   SumUpdaTime SumWaitTime  SumSynTime AvUpdaTime   AvWaitTime  AvSynTime   SparseRatio Rho 
1   0    0.273583    0.961872   3.071958         0.045855    3.026104    2.667107 0.045855     3.026104    2.667107    0.042916    1.000000
2   0    0.110647    0.976111   10.095351        4.032229    6.063122    5.347402 3.986375     3.037018    2.680296    0.042916    1.000000
3   0    0.069465    0.980877   17.910995        8.827470    9.083526    8.030228 4.795240     3.020404    2.682826    0.042916    1.000000
4   0    0.047823    0.984657   26.354800       14.186145   12.168655   10.745796 5.358675     3.085129    2.715568    0.042916    1.000000
5   0    0.033939    0.989087   35.681113       20.481198   15.199914   13.420022 6.295053     3.031260    2.674226    0.042916    1.000000
6   0    0.026405    0.991467   46.456389       28.196899   18.259491   16.104765 7.715700     3.059576    2.684743    0.042916    1.000000
7   0    0.022648    0.992550   58.699067       37.367651   21.331415   18.833366 9.170753     3.071925    2.728602    0.042916    1.000000
8   0    0.020664    0.993523   71.435734       47.046686   24.389048   21.540931 9.679035     3.057632    2.707565    0.042916    1.000000
9   0    0.020618    0.993679   74.983032       47.539918   27.443114   24.250855 0.493233     3.054066    2.709924    0.042916    2.000000
10  0    0.020328    0.993961   84.610302       54.132943   30.477360   26.940328 6.593024     3.034246    2.689474    0.042916    2.000000
11  0    0.020248    0.993924   88.909641       55.368277   33.541364   29.657979 1.235334     3.064004    2.717650    0.042916    2.000000
12  0    0.020242    0.993924   92.431324       55.857031   36.574293   32.351100 0.488754     3.032929    2.693122    0.042916    2.000000
13  0    0.020048    0.994009   98.807179       59.209282   39.597897   35.040683 3.352251     3.023604    2.689583    0.042916    2.000000
14  0    0.019478    0.994214   107.005751      64.389573   42.616178   37.718950 5.180291     3.018281    2.678266    0.042916    2.000000
15  0    0.019421    0.994222   112.267669      66.620455   45.647214   40.412753 2.230883     3.031036    2.693804    0.042916    2.000000
16  0    0.019186    0.994299   121.218447      72.537297   48.681150   43.110111 5.916841     3.033936    2.697358    0.042916    2.000000
17  0    0.019187    0.994307   124.733561      73.026027   51.707534   45.803401 0.488731     3.026384    2.693290    0.042916    4.000000
18  0    0.018937    0.994368   132.273723      77.529867   54.743856   48.501511 4.503839     3.036322    2.698110    0.042916    4.000000
19  0    0.018895    0.994360   137.960467      80.194748   57.765719   51.177371 2.664881     3.021863    2.675860    0.042916    4.000000
20  0    0.018807    0.994389   144.975968      84.153454   60.822514   53.903410 3.958707     3.056795    2.726040    0.042916    4.000000
21  0    0.018804    0.994393   149.376988      85.527516   63.849471   56.581211 1.374062     3.026957    2.677800    0.042916    4.000000
22  0    0.018647    0.994433   155.940745      89.034292   66.906454   59.308231 3.506775     3.056982    2.727021    0.042916    4.000000
23  0    0.018636    0.994420   160.389921      90.428712   69.961209   62.014428 1.394421     3.054755    2.706196    0.042916    4.000000
24  0    0.018555    0.994441   167.784823      94.720907   73.063916   64.755130 4.292195     3.102708    2.740702    0.042916    4.000000
25  0    0.018549    0.994439   172.580115      96.487358   76.092758   67.449411 1.766451     3.028841    2.694282    0.042916    4.000000
26  0    0.018385    0.994493   179.854092     100.700696   79.153396   70.176696 4.213338     3.060638    2.727285    0.042916    4.000000
27  0    0.018363    0.994489   185.015571     102.807377   82.208194   72.894404 2.106681     3.054798    2.717708    0.042916    4.000000
28  0    0.018305    0.994495   191.541003     106.271987   85.269016   75.604973 3.464610     3.060822    2.710569    0.042916    4.000000
29  0    0.018279    0.994508   196.716256     108.409355   88.306901   78.292785 2.137368     3.037885    2.687812    0.042916    4.000000
30  0    0.018226    0.994520   202.076085     110.733885   91.342200   80.981249 2.324530     3.035299    2.688464    0.042916    4.000000
31  0    0.018112    0.994556   209.293673     114.868084   94.425589   83.724606 4.134199     3.083389    2.743357    0.042916    4.000000
32  0    0.018093    0.994562   214.522525     117.028243   97.494282   86.451232 2.160159     3.068693    2.726626    0.042916    4.000000
33  0    0.018061    0.994547   220.913332     120.385350  100.527982   89.152362 3.357107     3.033700    2.701130    0.042916    4.000000
34  0    0.018044    0.994564   225.965780     122.389293  103.576488   91.852584 2.003943     3.048506    2.700222    0.042916    4.000000
35  0    0.017942    0.994614   233.119449     126.481104  106.638345   94.573941 4.091812     3.061857    2.721357    0.042916    4.000000
36  0    0.017921    0.994627   238.470081     128.783019  109.687062   97.274575 2.301915     3.048717    2.700635    0.042916    4.000000
37  0    0.017890    0.994614   245.516700     132.764963  112.751736   99.998769 3.981944     3.064675    2.724193    0.042916    4.000000
38  0    0.017878    0.994616   250.483939     134.686248  115.797691  102.700496 1.921284     3.045954    2.701727    0.042916    4.000000
39  0    0.017790    0.994650   257.421925     138.594923  118.827003  105.393815 3.908675     3.029312    2.693319    0.042916    4.000000
40  0    0.017768    0.994656   262.714303     140.848804  121.865499  108.087238 2.253881     3.038497    2.693423    0.042916    4.000000
41  0    0.017734    0.994648   268.996335     144.103019  124.893315  110.780438 3.254216     3.027816    2.693200    0.042916    4.000000
42  0    0.017727    0.994658   274.223486     146.280509  127.942977  113.490380 2.177490     3.049661    2.709941    0.042916    4.000000
43  0    0.017666    0.994673   281.361771     150.342647  131.019124  116.217849 4.062138     3.076147    2.727469    0.042916    4.000000
44  0    0.017659    0.994677   286.384234     152.326480  134.057754  118.926239 1.983833     3.038630    2.708390    0.042916    4.000000
45  0    0.017628    0.994675   292.500872     155.397956  137.102916  121.633535 3.071476     3.045162    2.707296    0.042916    4.000000
46  0    0.017622    0.994685   298.281539     158.153605  140.127934  124.315066 2.755649     3.025018    2.681531    0.042916    4.000000
47  0    0.017608    0.994681   303.581797     160.343671  143.238125  127.078760 2.190066     3.110191    2.763694    0.042916    4.000000
48  0    0.017551    0.994708   310.180893     163.869054  146.311839  129.810594 3.525383     3.073714    2.731834    0.042916    4.000000
49  0    0.017540    0.994700   315.283044     165.928023  149.355021  132.512254 2.058968     3.043182    2.701660    0.042916    4.000000
50  0    0.017530    0.994696   322.411824     170.028468  152.383356  135.195190 4.100445     3.028334    2.682937    0.042916    4.000000
total average training time is: 460.47

total average update time is: 170.028

total average wait time is: 152.383

total average synchronization time is: 135.195

Total train time is 475.124 second.
