dim=3231961
procnum = 64,synchronize!!!
Max Iterations = 50
#   RANK ObjectValue Accuracy   SumIterTime AvUpdateTime AvWaitTime AvSynchTime SparseRatio Rho 
1   0    0.273587    0.961870   6.322908    2.424211     3.898697   3.870543    0.042916    1.000000
2   0    0.112289    0.975083   13.883955   3.676322     3.884725   3.859057    0.042917    1.000000
3   0    0.075156    0.978257   22.099666   4.310280     3.905431   3.877194    0.043114    1.000000
4   0    0.058191    0.980153   30.549786   4.525058     3.925062   3.893922    0.044337    1.000000
5   0    0.047833    0.982476   40.496136   6.021292     3.925057   3.891737    0.047421    1.000000
6   0    0.041858    0.984738   52.708006   8.270647     3.941223   3.899917    0.050360    1.000000
7   0    0.039315    0.985752   68.669943   12.013805    3.948132   3.892916    0.051479    1.000000
8   0    0.037273    0.986499   84.797265   12.216782    3.910540   3.882944    0.052265    1.000000
9   0    0.037159    0.986520   92.983337   4.264814     3.921258   3.891161    0.052866    1.000000
10  0    0.036202    0.986789   107.197641  10.293217    3.921086   3.885072    0.053529    1.000000
11  0    0.035876    0.986887   115.930029  4.811590     3.920798   3.888858    0.053866    1.000000
12  0    0.035782    0.986952   124.183213  4.355771     3.897412   3.869480    0.054105    1.000000
13  0    0.035087    0.987194   138.406697  10.264158    3.959326   3.910687    0.054411    1.000000
14  0    0.034771    0.987344   147.558744  5.215300     3.936746   3.895259    0.054520    1.000000
15  0    0.034561    0.987449   155.410519  3.920687     3.931089   3.895343    0.054646    1.000000
16  0    0.034604    0.987423   163.758012  4.420000     3.927493   3.891403    0.054809    1.000000
17  0    0.034096    0.987643   178.174190  10.478903    3.937275   3.896268    0.054928    1.000000
18  0    0.033880    0.987751   190.130292  8.052330     3.903772   3.876103    0.054976    1.000000
19  0    0.033522    0.987941   204.147968  10.084414    3.933262   3.902325    0.055029    1.000000
20  0    0.033301    0.987993   214.389119  6.321959     3.919192   3.890714    0.055076    1.000000
21  0    0.033136    0.988062   225.951458  7.619069     3.943269   3.903710    0.055120    1.000000
22  0    0.032893    0.988148   238.262270  8.377066     3.933746   3.900184    0.055162    1.000000
23  0    0.032786    0.988173   249.350293  7.167506     3.920517   3.890338    0.055183    1.000000
24  0    0.032559    0.988273   260.701131  7.420300     3.930538   3.898908    0.055214    1.000000
25  0    0.032405    0.988337   272.437792  7.832229     3.904432   3.879624    0.055237    1.000000
26  0    0.032273    0.988369   285.433411  9.074908     3.920711   3.892807    0.055272    1.000000
27  0    0.032162    0.988431   297.193458  7.835723     3.924324   3.890252    0.055299    1.000000
28  0    0.032078    0.988429   310.233332  9.108674     3.931200   3.896601    0.055325    1.000000
29  0    0.031927    0.988534   321.949582  7.780137     3.936114   3.903118    0.055344    1.000000
30  0    0.031806    0.988582   333.894910  8.008366     3.936961   3.899727    0.055371    1.000000
31  0    0.031696    0.988607   345.565025  7.737323     3.932792   3.902775    0.055409    1.000000
32  0    0.031586    0.988659   358.561488  9.091547     3.904917   3.880686    0.055438    1.000000
33  0    0.031482    0.988686   370.148679  7.647188     3.940003   3.904618    0.055461    1.000000
34  0    0.031400    0.988713   381.845056  7.763278     3.933098   3.896028    0.055485    1.000000
35  0    0.031308    0.988732   394.585385  8.806304     3.934025   3.897301    0.055499    1.000000
36  0    0.031258    0.988742   406.057492  7.536269     3.935838   3.902388    0.055516    1.000000
37  0    0.031182    0.988786   417.876610  7.893872     3.925246   3.890517    0.055529    1.000000
38  0    0.031111    0.988822   429.929213  8.123531     3.929073   3.894000    0.055552    1.000000
39  0    0.031070    0.988830   441.776233  7.927911     3.919108   3.890140    0.055565    1.000000
40  0    0.030977    0.988867   454.849406  9.147725     3.925448   3.895331    0.055592    1.000000
41  0    0.030929    0.988870   466.412408  7.669878     3.893124   3.864931    0.055607    1.000000
42  0    0.030856    0.988918   477.735818  7.394395     3.929016   3.898058    0.055643    1.000000
43  0    0.030784    0.988938   489.804226  8.157716     3.910692   3.884090    0.055671    1.000000
44  0    0.030703    0.988999   501.648264  7.904857     3.939180   3.904181    0.055712    1.000000
45  0    0.030647    0.989009   513.198088  7.635905     3.913919   3.884856    0.055744    1.000000
46  0    0.030551    0.989030   524.015820  6.873634     3.944098   3.902529    0.055774    1.000000
47  0    0.030507    0.989039   535.525272  7.572767     3.936685   3.902543    0.055804    1.000000
48  0    0.030466    0.989059   547.046931  7.577682     3.943977   3.905204    0.055824    1.000000
49  0    0.030449    0.989064   558.374143  7.402633     3.924579   3.894616    0.055850    1.000000
50  0    0.030392    0.989124   570.869522  8.567135     3.928244   3.898118    0.055880    1.000000
total average training time is: 589.728

total average update time is: 374.597

total average wait time is: 196.272

total average synchronization time is: 194.609

Total train time is 600.453 second.
