dim=3231961
procnum = 64,synchronize!!!
Max Iterations = 50
#   RANK ObjectValue Accuracy   SumIterTime   SumUpdaTime SumWaitTime  SumSynTime AvUpdaTime   AvWaitTime  AvSynTime   SparseRatio Rho 
1   0    0.273583    0.961872   2.752134         0.048703    2.703431    2.681852 0.048703     2.703431    2.681852    0.042916    1.000000
2   0    0.110647    0.976111   9.419168         4.031566    5.387603    5.345802 3.982863     2.684172    2.663950    0.042916    1.000000
3   0    0.069465    0.980877   16.914372        8.834004    8.080368    8.015352 4.802438     2.692765    2.669550    0.042916    1.000000
4   0    0.047823    0.984657   25.005367       14.203424   10.801943   10.713748 5.369420     2.721575    2.698396    0.042916    1.000000
5   0    0.033939    0.989087   34.052708       20.491049   13.561659   13.448696 6.287625     2.759716    2.734948    0.042916    1.000000
6   0    0.026405    0.991467   44.528195       28.198119   16.330076   16.186261 7.707070     2.768417    2.737565    0.042916    1.000000
7   0    0.022648    0.992550   56.416200       37.381478   19.034722   18.868582 9.183359     2.704646    2.682321    0.042916    1.000000
8   0    0.020664    0.993523   68.826455       47.044615   21.781840   21.589117 9.663137     2.747118    2.720534    0.042916    1.000000
9   0    0.020618    0.993679   72.036405       47.535223   24.501182   24.284872 0.490608     2.719342    2.695755    0.042916    1.000000
10  0    0.020644    0.993767   76.914794       49.703377   27.211417   26.971199 2.168154     2.710236    2.686327    0.042916    1.000000
11  0    0.019871    0.994101   88.514544       58.614018   29.900526   29.640006 8.910641     2.689109    2.668807    0.042916    1.000000
12  0    0.019819    0.994116   93.908264       61.307748   32.600515   32.320060 2.693730     2.699990    2.680054    0.042916    1.000000
13  0    0.019794    0.994109   98.122902       62.808610   35.314292   35.008141 1.500862     2.713776    2.688081    0.042916    1.000000
14  0    0.019794    0.994105   102.240172      64.213670   38.026502   37.697505 1.405060     2.712211    2.689364    0.042916    1.000000
15  0    0.019273    0.994251   110.147081      69.416267   40.730814   40.374933 5.202597     2.704311    2.677429    0.042916    1.000000
16  0    0.018512    0.994483   121.034405      77.626196   43.408209   43.032508 8.209929     2.677395    2.657575    0.042916    1.000000
17  0    0.018300    0.994481   129.236988      83.070219   46.166768   45.762529 5.444023     2.758559    2.730020    0.042916    1.000000
18  0    0.018326    0.994516   135.244038      86.375910   48.868128   48.441550 3.305691     2.701359    2.679021    0.042916    1.000000
19  0    0.018151    0.994572   142.597229      91.004449   51.592780   51.145795 4.628539     2.724652    2.704245    0.042916    1.000000
20  0    0.017918    0.994610   150.021073      95.730763   54.290310   53.819745 4.726314     2.697530    2.673951    0.042916    1.000000
21  0    0.017790    0.994641   158.658328     101.671842   56.986486   56.493997 5.941079     2.696176    2.674252    0.042916    1.000000
22  0    0.017699    0.994664   166.799467     107.077739   59.721729   59.203133 5.405897     2.735242    2.709136    0.042916    1.000000
23  0    0.017500    0.994731   174.685817     112.245081   62.440736   61.897258 5.167343     2.719007    2.694124    0.042916    1.000000
24  0    0.017349    0.994733   181.920324     116.734039   65.186285   64.613226 4.488958     2.745550    2.715968    0.042916    1.000000
25  0    0.017140    0.994796   189.541563     121.638840   67.902723   67.304705 4.904801     2.716437    2.691479    0.042916    1.000000
26  0    0.017120    0.994787   196.900037     126.292991   70.607046   69.981369 4.654151     2.704324    2.676664    0.042916    1.000000
27  0    0.017140    0.994779   205.678319     132.361011   73.317309   72.664700 6.068020     2.710262    2.683331    0.042916    1.000000
28  0    0.017042    0.994794   214.193443     138.162548   76.030896   75.351857 5.801537     2.713587    2.687157    0.042916    1.000000
29  0    0.017040    0.994812   222.617230     143.836190   78.781040   78.073007 5.673642     2.750144    2.721151    0.042916    1.000000
30  0    0.017034    0.994804   231.492824     149.996914   81.495911   80.758811 6.160724     2.714871    2.685804    0.042916    1.000000
31  0    0.017037    0.994812   239.792598     155.550373   84.242225   83.477664 5.553459     2.746315    2.718853    0.042916    1.000000
32  0    0.017055    0.994817   248.395860     161.448101   86.947759   86.155942 5.897728     2.705534    2.678278    0.042916    1.000000
33  0    0.017000    0.994835   256.120491     166.458975   89.661516   88.842853 5.010874     2.713757    2.686911    0.042916    1.000000
34  0    0.016997    0.994850   263.571456     171.200387   92.371069   91.525396 4.741412     2.709552    2.682543    0.042916    1.000000
35  0    0.016987    0.994850   272.591783     177.497642   95.094141   94.222504 6.297254     2.723073    2.697108    0.042916    1.000000
36  0    0.017088    0.994858   281.554173     183.749065   97.805107   96.908780 6.251424     2.710966    2.686276    0.042916    1.000000
37  0    0.017052    0.994877   289.203143     188.684762  100.518382   99.595175 4.935696     2.713274    2.686395    0.042916    1.000000
38  0    0.017086    0.994846   297.737548     194.519164  103.218385  102.265214 5.834402     2.700003    2.670039    0.042916    1.000000
39  0    0.017056    0.994846   306.227702     200.299854  105.927849  104.943550 5.780690     2.709464    2.678336    0.042916    1.000000
40  0    0.017071    0.994877   314.543511     205.883488  108.660023  107.649417 5.583634     2.732174    2.705867    0.042916    1.000000
41  0    0.017031    0.994873   323.187435     211.818263  111.369172  110.332432 5.934775     2.709149    2.683015    0.042916    1.000000
42  0    0.017025    0.994879   330.471495     216.394961  114.076534  113.013427 4.576698     2.707362    2.680995    0.042916    1.000000
43  0    0.017062    0.994879   337.205730     220.411610  116.794120  115.704265 4.016649     2.717586    2.690838    0.042916    1.000000
44  0    0.017145    0.994860   345.683695     226.184271  119.499424  118.378182 5.772661     2.705304    2.673917    0.042916    1.000000
45  0    0.017164    0.994883   354.159351     231.906499  122.252851  121.104574 5.722228     2.753427    2.726392    0.042916    1.000000
46  0    0.017118    0.994873   361.765539     236.795017  124.970522  123.793165 4.888517     2.717671    2.688591    0.042916    1.000000
47  0    0.017125    0.994886   369.020100     241.291217  127.728883  126.518335 4.496200     2.758361    2.725170    0.042916    1.000000
48  0    0.017164    0.994877   376.012472     245.581050  130.431422  129.196655 4.289834     2.702539    2.678321    0.042916    1.000000
49  0    0.017193    0.994900   384.727212     251.584375  133.142837  131.887302 6.003325     2.711415    2.690647    0.042916    1.000000
50  0    0.017158    0.994871   391.939199     256.105327  135.833872  134.555991 4.520952     2.691035    2.668689    0.042916    1.000000
total average training time is: 544.016

total average update time is: 256.105

total average wait time is: 135.834

total average synchronization time is: 134.556

Total train time is 556.639 second.
