dim=3231961
procnum = 16,synchronize!!!
Max Iterations = 50
#   RANK ObjectValue Accuracy   SumIterTime AvUpdateTime AvWaitTime AvSynchTime SparseRatio Rho 
1   0    0.693147    0.330222   3.820421    1.542160     2.278261   2.257690    0.127973    1.000000
2   0    0.693147    0.330222   8.505126    2.469820     2.214885   2.194038    0.127973    1.000000
3   0    0.693147    0.330222   13.623849   2.884340     2.234383   2.213860    0.127973    1.000000
4   0    0.693147    0.330222   19.095143   3.249255     2.222039   2.201609    0.127973    1.000000
5   0    0.693147    0.330222   26.534082   5.208451     2.230489   2.209629    0.127973    1.000000
6   0    0.693147    0.330222   39.207436   10.452616    2.220737   2.199812    0.127973    1.000000
7   0    0.693147    0.330222   51.504711   10.087938    2.209337   2.188385    0.127973    1.000000
8   0    0.693147    0.330222   54.149613   0.443023     2.201878   2.181298    0.127973    1.000000
9   0    0.693147    0.330222   56.792961   0.441757     2.201591   2.180878    0.127973    1.000000
10  0    0.693147    0.330222   72.452532   13.460442    2.199129   2.178424    0.127973    1.000000
11  0    0.693147    0.330222   84.213352   9.559854     2.200965   2.179924    0.127973    1.000000
12  0    0.693147    0.330222   98.081214   11.624046    2.243816   2.223055    0.127973    1.000000
13  0    0.693147    0.330222   111.209106  10.885679    2.242212   2.221435    0.127973    1.000000
14  0    0.693147    0.330222   124.012636  10.554823    2.248708   2.226930    0.127973    1.000000
15  0    0.693147    0.330222   136.709230  10.437383    2.259211   2.237232    0.127973    1.000000
16  0    0.693147    0.330222   148.836215  9.871303     2.255681   2.235046    0.127973    1.000000
17  0    0.693147    0.330222   164.451244  13.381672    2.233357   2.212162    0.127973    1.000000
18  0    0.693147    0.330222   181.409964  14.692349    2.266372   2.244796    0.127973    1.000000
19  0    0.693147    0.330222   196.851291  13.210303    2.231024   2.210386    0.127973    1.000000
20  0    0.693147    0.330222   211.743158  12.645965    2.245903   2.224613    0.127973    1.000000
21  0    0.693147    0.330222   224.714521  10.723925    2.247438   2.226871    0.127973    1.000000
22  0    0.693147    0.330222   239.629436  12.677420    2.237494   2.216275    0.127973    1.000000
23  0    0.693147    0.330222   254.618511  12.759636    2.229439   2.208233    0.127973    1.000000
24  0    0.693147    0.330222   267.671269  10.795274    2.257485   2.236485    0.127973    1.000000
25  0    0.693147    0.330222   279.644265  9.737780     2.235216   2.214394    0.127973    1.000000
26  0    0.693147    0.330222   294.002436  12.100167    2.258004   2.233783    0.127973    1.000000
27  0    0.693147    0.330222   307.174501  10.902535    2.269530   2.248658    0.127973    1.000000
28  0    0.693147    0.330222   321.246455  11.825163    2.246791   2.225775    0.127973    1.000000
29  0    0.693147    0.330222   333.730248  10.225687    2.258106   2.236809    0.127973    1.000000
30  0    0.693147    0.330222   351.211106  15.218786    2.262073   2.240461    0.127973    1.000000
31  0    0.693147    0.330222   365.464803  12.020809    2.232888   2.211767    0.127973    1.000000
32  0    0.693147    0.330222   378.375565  10.675171    2.235591   2.214201    0.127973    1.000000
33  0    0.693147    0.330222   391.216065  10.613357    2.227142   2.206183    0.127973    1.000000
34  0    0.693147    0.330222   404.134676  10.693264    2.225348   2.204096    0.127973    1.000000
35  0    0.693147    0.330222   417.232478  10.842825    2.254976   2.233593    0.127973    1.000000
36  0    0.693147    0.330222   430.040984  10.580310    2.228197   2.207371    0.127973    1.000000
37  0    0.693147    0.330222   442.483188  10.193518    2.248686   2.227560    0.127973    1.000000
38  0    0.693147    0.330222   453.500344  8.755749     2.261406   2.238452    0.127973    1.000000
39  0    0.693147    0.330222   464.846867  9.086354     2.260170   2.239137    0.127973    1.000000
40  0    0.693147    0.330222   479.980597  12.812166    2.321563   2.300291    0.127973    1.000000
41  0    0.693147    0.330222   493.827484  11.586922    2.259966   2.239111    0.127973    1.000000
42  0    0.693147    0.330222   511.541010  15.488279    2.225247   2.204080    0.127973    1.000000
43  0    0.693147    0.330222   530.930130  17.162313    2.226807   2.205931    0.127973    1.000000
44  0    0.693147    0.330222   553.791532  20.609843    2.251559   2.229576    0.127973    1.000000
45  0    0.693147    0.330222   570.211131  14.196171    2.223428   2.202481    0.127973    1.000000
46  0    0.693147    0.330222   592.227747  19.771029    2.245587   2.224760    0.127973    1.000000
47  0    0.693147    0.330222   610.652675  16.196486    2.228442   2.207927    0.127973    1.000000
48  0    0.693147    0.330222   627.726415  14.835436    2.238304   2.217540    0.127973    1.000000
49  0    0.693147    0.330222   644.970801  15.021812    2.222574   2.201787    0.127973    1.000000
50  0    0.693147    0.330222   658.239430  11.014612    2.254016   2.232918    0.127973    1.000000
total average training time is: 680.34

total average update time is: 546.226

total average wait time is: 112.013

total average synchronization time is: 110.958

Total train time is 686.889 second.
dim=3231961
procnum = 16,synchronize!!!
Max Iterations = 50
#   RANK ObjectValue Accuracy   SumIterTime AvUpdateTime AvWaitTime AvSynchTime SparseRatio Rho 
1   0    0.693147    0.330222   3.813653    1.548482     2.265171   2.244764    0.127973    1.000000
2   0    0.693147    0.330222   8.484773    2.448796     2.222323   2.202001    0.127973    1.000000
3   0    0.693147    0.330222   13.578776   2.871138     2.222865   2.202028    0.127973    1.000000
4   0    0.693147    0.330222   19.025355   3.216066     2.230512   2.209888    0.127973    1.000000
5   0    0.693147    0.330222   26.275069   5.028418     2.221297   2.200797    0.127973    1.000000
6   0    0.693147    0.330222   38.665461   10.162035    2.228356   2.207555    0.127973    1.000000
7   0    0.693147    0.330222   50.750346   9.841878     2.243007   2.222433    0.127973    1.000000
8   0    0.693147    0.330222   53.445689   0.438155     2.257188   2.236646    0.127973    1.000000
9   0    0.693147    0.330222   56.099503   0.436952     2.216862   2.196393    0.127973    1.000000
10  0    0.693147    0.330222   71.686453   13.342735    2.244215   2.221324    0.127973    1.000000
11  0    0.693147    0.330222   83.576037   9.651012     2.238572   2.218145    0.127973    1.000000
12  0    0.693147    0.330222   97.395705   11.588116    2.231553   2.211147    0.127973    1.000000
13  0    0.693147    0.330222   110.073233  10.469489    2.208039   2.187628    0.127973    1.000000
14  0    0.693147    0.330222   122.825438  10.522590    2.229615   2.209159    0.127973    1.000000
15  0    0.693147    0.330222   135.223817  10.131063    2.267316   2.245005    0.127973    1.000000
16  0    0.693147    0.330222   147.249653  9.780758     2.245077   2.224664    0.127973    1.000000
17  0    0.693147    0.330222   162.908557  13.425257    2.233647   2.213262    0.127973    1.000000
18  0    0.693147    0.330222   179.286113  14.134323    2.243233   2.222824    0.127973    1.000000
19  0    0.693147    0.330222   194.768385  13.227654    2.254618   2.234243    0.127973    1.000000
20  0    0.693147    0.330222   209.659639  12.649316    2.241939   2.221619    0.127973    1.000000
21  0    0.693147    0.330222   222.510042  10.604402    2.246000   2.224527    0.127973    1.000000
22  0    0.693147    0.330222   237.293054  12.552648    2.230365   2.210096    0.127973    1.000000
23  0    0.693147    0.330222   252.185457  12.670521    2.221882   2.201496    0.127973    1.000000
24  0    0.693147    0.330222   265.037893  10.637184    2.215252   2.194745    0.127973    1.000000
25  0    0.693147    0.330222   276.823482  9.539836     2.245754   2.225336    0.127973    1.000000
26  0    0.693147    0.330222   290.985108  11.910053    2.251573   2.231060    0.127973    1.000000
27  0    0.693147    0.330222   304.194711  10.977584    2.232019   2.211360    0.127973    1.000000
28  0    0.693147    0.330222   318.258967  11.817106    2.247150   2.226784    0.127973    1.000000
29  0    0.693147    0.330222   330.350511  9.847172     2.244372   2.224021    0.127973    1.000000
30  0    0.693147    0.330222   347.897298  15.309162    2.237624   2.217194    0.127973    1.000000
31  0    0.693147    0.330222   362.186250  12.042132    2.246820   2.226413    0.127973    1.000000
32  0    0.693147    0.330222   375.097625  10.676239    2.235137   2.214726    0.127973    1.000000
33  0    0.693147    0.330222   387.284633  9.951325     2.235682   2.215120    0.127973    1.000000
34  0    0.693147    0.330222   399.871999  10.337832    2.249534   2.229114    0.127973    1.000000
35  0    0.693147    0.330222   412.973041  10.830089    2.270952   2.250403    0.127973    1.000000
36  0    0.693147    0.330222   425.591051  10.378769    2.239242   2.218763    0.127973    1.000000
37  0    0.693147    0.330222   437.563813  9.728469     2.244294   2.223954    0.127973    1.000000
38  0    0.693147    0.330222   448.609307  8.820324     2.225170   2.204773    0.127973    1.000000
39  0    0.693147    0.330222   460.074838  9.220859     2.244673   2.223464    0.127973    1.000000
40  0    0.693147    0.330222   474.735435  12.406335    2.254262   2.233852    0.127973    1.000000
41  0    0.693147    0.330222   488.236092  11.264844    2.235813   2.215379    0.127973    1.000000
42  0    0.693147    0.330222   505.820514  15.346613    2.237809   2.216978    0.127973    1.000000
43  0    0.693147    0.330222   525.170267  17.086684    2.263069   2.242035    0.127973    1.000000
44  0    0.693147    0.330222   547.968468  20.536700    2.261501   2.236258    0.127973    1.000000
45  0    0.693147    0.330222   564.385871  14.167686    2.249717   2.229372    0.127973    1.000000
46  0    0.693147    0.330222   586.283283  19.634156    2.263256   2.242676    0.127973    1.000000
47  0    0.693147    0.330222   604.537550  15.994384    2.259882   2.239344    0.127973    1.000000
48  0    0.693147    0.330222   621.502729  14.710049    2.255131   2.234668    0.127973    1.000000
49  0    0.693147    0.330222   638.644985  14.892830    2.249426   2.228976    0.127973    1.000000
50  0    0.693147    0.330222   651.761152  10.875299    2.240868   2.220475    0.127973    1.000000
total average training time is: 674.315

total average update time is: 539.682

total average wait time is: 112.08

total average synchronization time is: 111.045

Total train time is 680.847 second.
dim=3231961
procnum = 16,synchronize!!!
Max Iterations = 50
#   RANK ObjectValue Accuracy   SumIterTime AvUpdateTime AvWaitTime AvSynchTime SparseRatio Rho 
1   0    0.368677    0.959001   3.786307    1.375573     2.410734   2.390598    0.127973    1.000000
2   0    0.116393    0.977226   8.345997    2.038751     2.520939   2.500699    0.127973    1.000000
3   0    0.069397    0.980719   13.402765   2.412119     2.644650   2.624320    0.127975    1.000000
4   0    0.051918    0.982491   18.818677   2.762785     2.653126   2.629033    0.128091    1.000000
5   0    0.042892    0.984410   25.066707   3.417491     2.830540   2.809884    0.129181    1.000000
6   0    0.037096    0.986524   33.625017   5.458759     3.099551   3.078527    0.131928    1.000000
7   0    0.038875    0.985842   46.173406   8.931265     3.617123   3.596656    0.132685    1.000000
8   0    0.034565    0.987453   55.591687   3.904787     5.513494   5.492577    0.133323    1.000000
9   0    0.033074    0.987983   65.493411   5.672221     4.229504   4.208415    0.134207    1.000000
10  0    0.032125    0.988337   78.526543   9.340094     3.693038   3.672342    0.134889    1.000000
11  0    0.031892    0.988392   90.534217   6.615100     5.392574   5.372162    0.135086    1.000000
12  0    0.031391    0.988640   100.173975  3.856371     5.783387   5.761432    0.135245    1.000000
13  0    0.030828    0.988863   111.046196  5.636935     5.235286   5.213766    0.135367    1.000000
14  0    0.030880    0.988803   119.180541  2.895856     5.238489   5.214631    0.135444    1.000000
15  0    0.030976    0.988805   129.292941  3.650913     6.461487   6.437297    0.135612    1.000000
16  0    0.030973    0.988817   131.991407  0.421319     2.277146   2.255943    0.135830    1.000000
17  0    0.031248    0.988623   140.963996  3.572516     5.400073   5.379371    0.136080    1.000000
18  0    0.031285    0.988619   151.599472  6.923088     3.712388   3.688193    0.136215    1.000000
19  0    0.031253    0.988617   160.807352  4.953595     4.254285   4.233582    0.136305    1.000000
20  0    0.030935    0.988888   172.091701  7.279569     4.004780   3.983534    0.136421    1.000000
21  0    0.030678    0.988928   183.254165  7.536713     3.625751   3.605227    0.136451    1.000000
22  0    0.030575    0.989007   195.579852  7.908776     4.416912   4.395000    0.136508    1.000000
23  0    0.030542    0.989024   205.084734  7.046565     2.458317   2.437863    0.136565    1.000000
24  0    0.030518    0.989024   215.633362  6.656217     3.892411   3.870967    0.136663    1.000000
25  0    0.030373    0.989091   225.076991  6.478941     2.964688   2.942209    0.136804    1.000000
26  0    0.030612    0.988918   235.107162  6.710499     3.319671   3.299291    0.136983    1.000000
27  0    0.030995    0.989070   244.351548  6.389282     2.855104   2.832282    0.137066    1.000000
28  0    0.030486    0.989301   254.569340  6.970550     3.247243   3.223426    0.137146    1.000000
29  0    0.030165    0.989341   265.114974  7.146157     3.399476   3.378584    0.137225    1.000000
30  0    0.030130    0.989318   274.960883  6.674245     3.171665   3.149591    0.137287    1.000000
31  0    0.029997    0.989366   284.562727  6.102848     3.498995   3.475170    0.137319    1.000000
32  0    0.029848    0.989381   294.510137  6.644609     3.302801   3.282398    0.137344    1.000000
33  0    0.029733    0.989410   306.239050  7.983970     3.744943   3.723798    0.137401    1.000000
34  0    0.030465    0.989327   316.183269  6.833220     3.110999   3.087987    0.137544    1.000000
35  0    0.030065    0.989393   326.486250  6.796505     3.506476   3.486107    0.137731    1.000000
36  0    0.029617    0.989471   336.666144  6.497017     3.682878   3.660191    0.138003    1.000000
37  0    0.029480    0.989525   346.887223  6.633576     3.587502   3.564854    0.138258    1.000000
38  0    0.029529    0.989544   357.885746  7.278713     3.719810   3.699499    0.138593    1.000000
39  0    0.029684    0.989560   367.436384  6.666687     2.883951   2.861290    0.138637    1.000000
40  0    0.029676    0.989608   377.647519  6.639939     3.571196   3.550853    0.138680    1.000000
41  0    0.029344    0.989671   388.462784  7.254623     3.560642   3.538884    0.138740    1.000000
42  0    0.029677    0.989452   399.521502  7.135876     3.922842   3.901944    0.138790    1.000000
43  0    0.029076    0.989700   409.689091  6.585211     3.582378   3.561938    0.138848    1.000000
44  0    0.028965    0.989765   420.542531  7.088482     3.764958   3.743815    0.138877    1.000000
45  0    0.028958    0.989717   429.894744  5.971028     3.381185   3.359270    0.138918    1.000000
46  0    0.028810    0.989756   440.566370  6.609018     4.062608   4.037442    0.138936    1.000000
47  0    0.028887    0.989717   450.643673  6.896748     3.180556   3.160004    0.138973    1.000000
48  0    0.028776    0.989662   461.884945  7.194177     4.047094   4.024142    0.139060    1.000000
49  0    0.028701    0.989809   472.300726  7.041605     3.374177   3.352755    0.139132    1.000000
50  0    0.028542    0.989748   485.365837  8.271961     4.793149   4.768310    0.139228    1.000000
total average training time is: 507.864

total average update time is: 298.763

total average wait time is: 186.603

total average synchronization time is: 185.518

Total train time is 514.4 second.
dim=3231961
procnum = 16,synchronize!!!
Max Iterations = 50
#   RANK ObjectValue Accuracy   SumIterTime AvUpdateTime AvWaitTime AvSynchTime SparseRatio Rho 
1   0    0.368677    0.959001   3.828315    1.543466     2.284849   2.263885    0.127973    1.000000
2   0    0.116393    0.977226   8.458414    2.415885     2.214215   2.193821    0.127973    1.000000
3   0    0.069397    0.980719   13.602975   2.888067     2.256493   2.236039    0.127975    1.000000
4   0    0.051918    0.982491   19.052591   3.213331     2.236286   2.215750    0.128091    1.000000
5   0    0.042892    0.984410   25.362628   4.096741     2.213296   2.192362    0.129181    1.000000
6   0    0.037096    0.986524   34.072163   6.473224     2.236311   2.215705    0.131928    1.000000
7   0    0.038875    0.985842   46.719051   10.404635    2.242253   2.221760    0.132685    1.000000
8   0    0.034565    0.987453   56.393150   7.429949     2.244150   2.223624    0.133323    1.000000
9   0    0.033074    0.987983   66.389397   7.780340     2.215907   2.195246    0.134207    1.000000
10  0    0.032125    0.988337   79.642189   10.982588    2.270204   2.246108    0.134889    1.000000
11  0    0.031892    0.988392   91.692941   9.836522     2.214230   2.193568    0.135086    1.000000
12  0    0.031391    0.988640   101.555326  7.604333     2.258052   2.237607    0.135245    1.000000
13  0    0.030828    0.988863   112.724572  8.896056     2.273191   2.251893    0.135367    1.000000
14  0    0.030880    0.988803   121.081016  6.144508     2.211936   2.191551    0.135444    1.000000
15  0    0.030976    0.988805   130.168832  6.845136     2.242679   2.222199    0.135612    1.000000
16  0    0.030973    0.988817   132.879159  0.441014     2.269313   2.246829    0.135830    1.000000
17  0    0.031248    0.988623   142.101614  6.968021     2.254434   2.233835    0.136080    1.000000
18  0    0.031285    0.988619   153.110472  8.741649     2.267208   2.246442    0.136215    1.000000
19  0    0.031253    0.988617   162.566310  7.214180     2.241658   2.221059    0.136305    1.000000
20  0    0.030935    0.988888   174.173776  9.345306     2.262160   2.238640    0.136421    1.000000
21  0    0.030678    0.988928   185.620901  9.215889     2.231237   2.210454    0.136451    1.000000
22  0    0.030575    0.989007   197.929557  10.064247    2.244408   2.223656    0.136508    1.000000
23  0    0.030542    0.989024   207.723202  7.541136     2.252509   2.232062    0.136565    1.000000
24  0    0.030518    0.989024   218.315912  8.328852     2.263858   2.241600    0.136663    1.000000
25  0    0.030373    0.989091   228.090217  7.514860     2.259445   2.236875    0.136804    1.000000
26  0    0.030612    0.988918   238.488259  8.147076     2.250966   2.230547    0.136983    1.000000
27  0    0.030995    0.989070   247.783540  7.034823     2.260459   2.238744    0.137066    1.000000
28  0    0.030486    0.989301   258.223418  8.184135     2.255743   2.235280    0.137146    1.000000
29  0    0.030165    0.989341   269.063010  8.605382     2.234211   2.213672    0.137225    1.000000
30  0    0.030130    0.989318   279.191043  7.894073     2.233960   2.213153    0.137287    1.000000
31  0    0.029997    0.989366   289.080134  7.638321     2.250770   2.229152    0.137319    1.000000
32  0    0.029848    0.989381   299.274411  7.938881     2.255396   2.234468    0.137344    1.000000
33  0    0.029733    0.989410   310.946723  9.413482     2.258831   2.235624    0.137401    1.000000
34  0    0.030465    0.989327   320.900765  7.701743     2.252298   2.231808    0.137544    1.000000
35  0    0.030065    0.989393   331.488402  8.333924     2.253713   2.232496    0.137731    1.000000
36  0    0.029617    0.989471   341.955722  8.215436     2.251885   2.231022    0.138003    1.000000
37  0    0.029480    0.989525   352.434353  8.214943     2.263687   2.242255    0.138258    1.000000
38  0    0.029529    0.989544   363.706836  9.031892     2.240591   2.220000    0.138593    1.000000
39  0    0.029684    0.989560   373.546463  7.580319     2.259308   2.238830    0.138637    1.000000
40  0    0.029676    0.989608   383.731910  7.944429     2.241017   2.220546    0.138680    1.000000
41  0    0.029344    0.989671   394.819415  8.840691     2.246813   2.226244    0.138740    1.000000
42  0    0.029677    0.989452   406.243043  9.154076     2.269552   2.249154    0.138790    1.000000
43  0    0.029076    0.989700   416.440227  7.933940     2.263244   2.242172    0.138848    1.000000
44  0    0.028965    0.989765   427.327486  8.623071     2.264189   2.243794    0.138877    1.000000
45  0    0.028958    0.989717   436.932398  7.355176     2.249736   2.229422    0.138918    1.000000
46  0    0.028810    0.989756   447.551155  8.357479     2.261278   2.237012    0.138936    1.000000
47  0    0.028887    0.989717   457.889425  8.094454     2.243817   2.223067    0.138973    1.000000
48  0    0.028776    0.989662   469.405113  9.261129     2.254559   2.233885    0.139060    1.000000
49  0    0.028701    0.989809   479.779288  8.117031     2.257143   2.236775    0.139132    1.000000
50  0    0.028542    0.989748   493.097059  11.066748    2.251023   2.230601    0.139228    1.000000
total average training time is: 515.501

total average update time is: 380.613

total average wait time is: 112.484

total average synchronization time is: 111.432

Total train time is 522.054 second.
