dim=3231961
procnum = 64,synchronize!!!
Max Iterations = 50
#   RANK ObjectValue Accuracy   SumIterTime AvUpdateTime AvWaitTime AvSynchTime SparseRatio Rho 
1   0    0.273587    0.961870   5.408931    2.510303     2.898628   2.874823    0.042916    1.000000
2   0    0.112289    0.975083   11.977114   3.752416     2.815767   2.792433    0.042917    1.000000
3   0    0.075182    0.978261   18.953272   4.246931     2.729228   2.707119    0.043114    1.000000
4   0    0.058181    0.980170   26.334229   4.608700     2.772257   2.748898    0.044333    1.000000
5   0    0.047851    0.982476   34.996005   5.876082     2.785694   2.759550    0.047420    1.000000
6   0    0.041868    0.984723   45.880569   8.105949     2.778615   2.754036    0.050346    1.000000
7   0    0.039321    0.985740   60.687357   11.895218    2.911571   2.885179    0.051489    1.000000
8   0    0.037276    0.986489   75.789668   12.341665    2.760646   2.738061    0.052265    1.000000
9   0    0.037162    0.986520   82.989293   4.327248     2.872377   2.849326    0.052873    1.000000
10  0    0.036185    0.986795   96.455348   10.668412    2.797643   2.775460    0.053527    1.000000
11  0    0.035889    0.986881   103.943991  4.654691     2.833953   2.811018    0.053856    1.000000
12  0    0.035805    0.986944   110.493896  3.738184     2.811721   2.788277    0.054092    1.000000
13  0    0.035113    0.987186   123.234380  9.979926     2.760558   2.738619    0.054397    1.000000
14  0    0.034768    0.987363   132.216094  6.142355     2.839359   2.815020    0.054509    1.000000
15  0    0.034612    0.987413   138.555984  3.542474     2.797416   2.774831    0.054625    1.000000
16  0    0.034651    0.987396   145.228285  3.867011     2.805290   2.782016    0.054793    1.000000
17  0    0.034189    0.987599   157.887286  9.851451     2.807549   2.784978    0.054916    1.000000
18  0    0.034004    0.987684   166.374977  5.630961     2.856730   2.834362    0.054970    1.000000
19  0    0.033589    0.987860   176.546700  7.373017     2.798706   2.775350    0.055029    1.000000
20  0    0.033362    0.987997   186.485907  7.138615     2.800592   2.776976    0.055059    1.000000
21  0    0.033170    0.988054   198.213870  8.827341     2.900623   2.878340    0.055093    1.000000
22  0    0.032941    0.988154   209.337530  8.281387     2.842273   2.819192    0.055135    1.000000
23  0    0.032728    0.988202   220.480037  8.293635     2.848871   2.826403    0.055156    1.000000
24  0    0.032538    0.988273   232.385581  9.013714     2.891830   2.869055    0.055184    1.000000
25  0    0.032388    0.988350   243.461223  8.258786     2.816856   2.793199    0.055209    1.000000
26  0    0.032242    0.988373   254.236893  7.973528     2.802142   2.779487    0.055234    1.000000
27  0    0.032078    0.988450   266.009117  8.894757     2.877467   2.854148    0.055261    1.000000
28  0    0.031980    0.988492   276.516113  7.702874     2.804122   2.781000    0.055288    1.000000
29  0    0.031868    0.988519   288.315444  8.989284     2.810047   2.786766    0.055312    1.000000
30  0    0.031737    0.988592   299.724521  8.542842     2.866235   2.842782    0.055333    1.000000
31  0    0.031630    0.988648   311.444436  8.834471     2.885443   2.861639    0.055358    1.000000
32  0    0.031492    0.988723   322.765966  8.457924     2.863606   2.837792    0.055383    1.000000
33  0    0.031423    0.988696   334.227185  8.601190     2.860029   2.836078    0.055409    1.000000
34  0    0.031360    0.988734   345.448281  8.415928     2.805168   2.782837    0.055447    1.000000
35  0    0.031268    0.988803   356.592548  8.295395     2.848872   2.825821    0.055474    1.000000
36  0    0.031164    0.988809   367.394435  7.889475     2.912413   2.888535    0.055503    1.000000
37  0    0.031101    0.988824   378.760933  8.533435     2.833063   2.810839    0.055535    1.000000
38  0    0.031055    0.988867   389.329384  7.785800     2.782651   2.759612    0.055559    1.000000
39  0    0.030995    0.988853   401.107394  8.989421     2.788589   2.766265    0.055604    1.000000
40  0    0.030932    0.988865   411.357453  7.456367     2.793693   2.770718    0.055636    1.000000
41  0    0.030837    0.988922   423.059017  8.943608     2.757956   2.735345    0.055675    1.000000
42  0    0.030812    0.988949   433.948621  8.081788     2.807816   2.784850    0.055701    1.000000
43  0    0.030742    0.988957   445.548518  8.696334     2.903563   2.881018    0.055722    1.000000
44  0    0.030662    0.989009   456.707600  8.311432     2.847650   2.825920    0.055756    1.000000
45  0    0.030611    0.989034   467.442945  7.908941     2.826403   2.803185    0.055784    1.000000
46  0    0.030562    0.989055   477.323546  7.068397     2.812205   2.788743    0.055816    1.000000
47  0    0.030535    0.989039   488.763839  8.498318     2.941975   2.918090    0.055852    1.000000
48  0    0.030465    0.989078   499.728745  8.136480     2.828426   2.801722    0.055898    1.000000
49  0    0.030471    0.989084   509.558583  7.048198     2.781640   2.759056    0.055956    1.000000
50  0    0.030465    0.989124   519.696591  7.315785     2.822223   2.799232    0.056025    1.000000
total average training time is: 569.117

total average update time is: 378.298

total average wait time is: 141.398

total average synchronization time is: 140.234

Total train time is 577.046 second.
