dim=3231961
procnum=1,synchronize!!!
#   RANK TRONIter-k  CG-time    HvIter-k             Hv-time   Update-time ObjectValue 
1   0    8           266.503030 6  12 12 19 21 50 74 259.646852 286.196929 0.054527   
2   0    1           0.000000   0  0  0  0  0  0  0  0.000000  3.794313   0.025343   
3   0    1           0.000000   0  0  0  0  0  0  0  0.000000  3.778538   0.024110   
4   0    1           0.000000   0  0  0  0  0  0  0  0.000000  3.769911   0.022924   
5   0    1           0.000000   0  0  0  0  0  0  0  0.000000  3.789193   0.021608   
6   0    1           0.000000   0  0  0  0  0  0  0  0.000000  3.786585   0.020397   
7   0    1           0.000000   0  0  0  0  0  0  0  0.000000  3.759966   0.020452   
8   0    1           0.000000   0  0  0  0  0  0  0  0.000000  3.748827   0.020442   
9   0    1           0.000000   0  0  0  0  0  0  0  0.000000  3.753962   0.020417   
10  0    1           0.000000   0  0  0  0  0  0  0  0.000000  3.768370   0.020333   
11  0    1           0.000000   0  0  0  0  0  0  0  0.000000  3.732809   0.020027   
12  0    1           0.000000   0  0  0  0  0  0  0  0.000000  3.740303   0.020023   
13  0    1           0.000000   0  0  0  0  0  0  0  0.000000  3.741654   0.020019   
14  0    1           0.000000   0  0  0  0  0  0  0  0.000000  3.770673   0.020016   
15  0    1           0.000000   0  0  0  0  0  0  0  0.000000  3.771287   0.020013   
16  0    1           0.000000   0  0  0  0  0  0  0  0.000000  3.733800   0.020012   
17  0    1           0.000000   0  0  0  0  0  0  0  0.000000  3.770341   0.019950   
18  0    1           0.000000   0  0  0  0  0  0  0  0.000000  3.790241   0.019949   
19  0    1           0.000000   0  0  0  0  0  0  0  0.000000  3.772281   0.019948   
20  0    1           0.000000   0  0  0  0  0  0  0  0.000000  3.792349   0.019947   
21  0    1           0.000000   0  0  0  0  0  0  0  0.000000  3.784823   0.019946   
22  0    1           0.000000   0  0  0  0  0  0  0  0.000000  3.771981   0.019946   
23  0    1           0.000000   0  0  0  0  0  0  0  0.000000  3.781665   0.019945   
24  0    1           0.000000   0  0  0  0  0  0  0  0.000000  3.771048   0.019945   
25  0    1           0.000000   0  0  0  0  0  0  0  0.000000  3.768610   0.019944   
26  0    1           0.000000   0  0  0  0  0  0  0  0.000000  3.761217   0.019943   
27  0    1           0.000000   0  0  0  0  0  0  0  0.000000  3.749397   0.019943   
28  0    1           0.000000   0  0  0  0  0  0  0  0.000000  3.783937   0.019943   
29  0    1           0.000000   0  0  0  0  0  0  0  0.000000  3.779461   0.019942   
30  0    1           0.000000   0  0  0  0  0  0  0  0.000000  3.784401   0.019941   
total max update time is: 395.499
Total train time is 401.679 second.
