dim=3231961
procnum=8,synchronize!!!
#   RANK TRONIter-k  CG-time    HvIter-k             Hv-time   Update-time ObjectValue 
1   0    8           37.784526  5  10 14 15 18 26 55 31.066263 41.482540  0.043289   
1   6    8           33.812904  5  9  12 15 19 25 54 26.616821 37.325998  0.000000   
1   1    8           37.463379  5  10 14 16 18 27 53 30.769397 41.248350  0.000000   
1   7    8           37.079979  5  11 9  17 20 41 55 29.213915 40.462250  0.000000   
1   4    8           34.277741  5  9  14 15 19 26 54 26.919801 37.857450  0.000000   
1   5    8           34.967984  5  10 14 15 18 27 55 27.508216 38.353416  0.000000   
1   2    8           33.967933  5  10 13 16 19 26 55 26.853592 37.480362  0.000000   
1   3    8           34.218485  5  10 14 15 18 27 55 27.043687 37.617798  0.000000   
2   0    2           16.506151  63 0  0  0  0  0  0  13.555252 17.650428  0.034366   
2   6    2           10.893733  64 0  0  0  0  0  0  8.677730  11.827808  0.000000   
2   4    1           0.000000   0  0  0  0  0  0  0  0.000000  0.641043   0.000000   
2   1    2           16.669423  64 0  0  0  0  0  0  13.702991 17.783494  0.000000   
2   7    1           0.000000   0  0  0  0  0  0  0  0.000000  0.653609   0.000000   
2   5    2           11.018392  64 0  0  0  0  0  0  8.775763  11.952562  0.000000   
2   2    2           15.210331  65 0  0  0  0  0  0  12.166440 16.235801  0.000000   
2   3    2           15.366642  65 0  0  0  0  0  0  12.298657 16.353116  0.000000   
3   0    1           0.000000   0  0  0  0  0  0  0  0.000000  0.723686   0.031661   
3   6    1           0.000000   0  0  0  0  0  0  0  0.000000  0.655247   0.000000   
3   1    1           0.000000   0  0  0  0  0  0  0  0.000000  0.724519   0.000000   
3   4    3           15.920676  64 29 0  0  0  0  0  12.682649 17.121689  0.000000   
3   7    3           19.814724  60 55 0  0  0  0  0  15.778474 21.027582  0.000000   
3   5    1           0.000000   0  0  0  0  0  0  0  0.000000  0.652867   0.000000   
3   2    1           0.000000   0  0  0  0  0  0  0  0.000000  0.623274   0.000000   
3   3    1           0.000000   0  0  0  0  0  0  0  0.000000  0.635395   0.000000   
4   0    1           0.000000   0  0  0  0  0  0  0  0.000000  0.726287   0.031620   
4   6    1           0.000000   0  0  0  0  0  0  0  0.000000  0.658710   0.000000   
4   1    1           0.000000   0  0  0  0  0  0  0  0.000000  0.723338   0.000000   
4   7    1           0.000000   0  0  0  0  0  0  0  0.000000  0.658548   0.000000   
4   2    1           0.000000   0  0  0  0  0  0  0  0.000000  0.627470   0.000000   
4   3    1           0.000000   0  0  0  0  0  0  0  0.000000  0.637798   0.000000   
4   4    1           0.000000   0  0  0  0  0  0  0  0.000000  0.638683   0.000000   
4   5    1           0.000000   0  0  0  0  0  0  0  0.000000  0.652922   0.000000   
5   0    2           9.497846   36 0  0  0  0  0  0  7.814312  10.640284  0.027606   
5   6    2           6.311768   37 0  0  0  0  0  0  5.008482  7.247188   0.000000   
5   1    2           9.405561   36 0  0  0  0  0  0  7.739401  10.572587  0.000000   
5   7    1           0.000000   0  0  0  0  0  0  0  0.000000  0.655403   0.000000   
5   4    1           0.000000   0  0  0  0  0  0  0  0.000000  0.638139   0.000000   
5   2    2           8.664861   37 0  0  0  0  0  0  6.898358  9.652929   0.000000   
5   5    2           6.189608   36 0  0  0  0  0  0  4.911234  7.124827   0.000000   
5   3    2           8.511199   36 0  0  0  0  0  0  6.776881  9.556429   0.000000   
6   0    1           0.000000   0  0  0  0  0  0  0  0.000000  0.725799   0.027825   
6   6    1           0.000000   0  0  0  0  0  0  0  0.000000  0.654408   0.000000   
6   4    2           5.618530   33 0  0  0  0  0  0  4.453047  6.534371   0.000000   
6   1    1           0.000000   0  0  0  0  0  0  0  0.000000  0.725611   0.000000   
6   7    2           8.878321   52 0  0  0  0  0  0  7.057896  9.810868   0.000000   
6   5    1           0.000000   0  0  0  0  0  0  0  0.000000  0.651211   0.000000   
6   2    1           0.000000   0  0  0  0  0  0  0  0.000000  0.623883   0.000000   
6   3    1           0.000000   0  0  0  0  0  0  0  0.000000  0.635517   0.000000   
7   0    2           12.193700  62 0  0  0  0  0  0  10.131453 13.241023  0.027525   
7   6    1           0.000000   0  0  0  0  0  0  0  0.000000  0.657798   0.000000   
7   4    1           0.000000   0  0  0  0  0  0  0  0.000000  0.642134   0.000000   
7   1    1           0.000000   0  0  0  0  0  0  0  0.000000  0.719711   0.000000   
7   7    1           0.000000   0  0  0  0  0  0  0  0.000000  0.655933   0.000000   
7   5    1           0.000000   0  0  0  0  0  0  0  0.000000  0.653073   0.000000   
7   2    1           0.000000   0  0  0  0  0  0  0  0.000000  0.622868   0.000000   
7   3    1           0.000000   0  0  0  0  0  0  0  0.000000  0.635984   0.000000   
8   0    1           0.000000   0  0  0  0  0  0  0  0.000000  0.710027   0.025536   
8   6    2           12.784536  61 0  0  0  0  0  0  9.923246  13.720289  0.000000   
8   1    3           23.017000  58 58 0  0  0  0  0  19.131683 24.383301  0.000000   
8   7    2           7.695668   32 0  0  0  0  0  0  5.867184  8.769190   0.000000   
8   4    2           6.700124   28 0  0  0  0  0  0  5.281068  7.755762   0.000000   
8   2    3           24.115780  62 58 0  0  0  0  0  19.216389 25.413615  0.000000   
8   5    2           12.640778  62 0  0  0  0  0  0  10.031884 13.570223  0.000000   
8   3    2           14.657898  62 0  0  0  0  0  0  11.721953 15.690164  0.000000   
9   0    1           0.000000   0  0  0  0  0  0  0  0.000000  0.708283   0.025323   
9   2    1           0.000000   0  0  0  0  0  0  0  0.000000  0.625608   0.000000   
9   6    2           6.306835   37 0  0  0  0  0  0  5.008212  7.242900   0.000000   
9   1    1           0.000000   0  0  0  0  0  0  0  0.000000  0.717578   0.000000   
9   3    1           0.000000   0  0  0  0  0  0  0  0.000000  0.636286   0.000000   
9   7    1           0.000000   0  0  0  0  0  0  0  0.000000  0.655482   0.000000   
9   4    1           0.000000   0  0  0  0  0  0  0  0.000000  0.637512   0.000000   
9   5    1           0.000000   0  0  0  0  0  0  0  0.000000  0.652590   0.000000   
10  0    1           0.000000   0  0  0  0  0  0  0  0.000000  0.724889   0.024555   
10  6    1           0.000000   0  0  0  0  0  0  0  0.000000  0.654001   0.000000   
10  4    2           6.952368   29 0  0  0  0  0  0  5.461494  8.010431   0.000000   
10  1    1           0.000000   0  0  0  0  0  0  0  0.000000  0.723320   0.000000   
10  7    2           5.674412   33 0  0  0  0  0  0  4.490410  6.606618   0.000000   
10  5    2           10.340573  48 0  0  0  0  0  0  8.157007  11.269919  0.000000   
10  2    1           0.000000   0  0  0  0  0  0  0  0.000000  0.623357   0.000000   
10  3    1           0.000000   0  0  0  0  0  0  0  0.000000  0.636039   0.000000   
11  0    1           0.000000   0  0  0  0  0  0  0  0.000000  0.721213   0.023327   
11  6    1           0.000000   0  0  0  0  0  0  0  0.000000  0.659211   0.000000   
11  4    1           0.000000   0  0  0  0  0  0  0  0.000000  0.639059   0.000000   
11  1    2           10.538639  53 0  0  0  0  0  0  8.761813  11.583699  0.000000   
11  7    1           0.000000   0  0  0  0  0  0  0  0.000000  0.658830   0.000000   
11  5    1           0.000000   0  0  0  0  0  0  0  0.000000  0.652892   0.000000   
11  2    2           7.975961   34 0  0  0  0  0  0  6.312417  9.011865   0.000000   
11  3    2           8.486161   36 0  0  0  0  0  0  6.714624  9.389740   0.000000   
12  0    2           6.343065   32 0  0  0  0  0  0  5.248624  7.377568   0.022336   
12  6    1           0.000000   0  0  0  0  0  0  0  0.000000  0.654506   0.000000   
12  4    2           6.113953   36 0  0  0  0  0  0  4.851499  7.028263   0.000000   
12  1    1           0.000000   0  0  0  0  0  0  0  0.000000  0.717381   0.000000   
12  2    1           0.000000   0  0  0  0  0  0  0  0.000000  0.624182   0.000000   
12  7    2           8.895122   52 0  0  0  0  0  0  7.072861  9.829652   0.000000   
12  5    1           0.000000   0  0  0  0  0  0  0  0.000000  0.650560   0.000000   
12  3    1           0.000000   0  0  0  0  0  0  0  0.000000  0.635493   0.000000   
13  0    1           0.000000   0  0  0  0  0  0  0  0.000000  0.723908   0.022222   
13  6    1           0.000000   0  0  0  0  0  0  0  0.000000  0.659370   0.000000   
13  1    2           10.305655  52 0  0  0  0  0  0  8.552941  11.354115  0.000000   
13  7    1           0.000000   0  0  0  0  0  0  0  0.000000  0.658399   0.000000   
13  4    1           0.000000   0  0  0  0  0  0  0  0.000000  0.638569   0.000000   
13  2    2           7.275066   31 0  0  0  0  0  0  5.773556  8.305465   0.000000   
13  5    1           0.000000   0  0  0  0  0  0  0  0.000000  0.652516   0.000000   
13  3    2           7.934251   34 0  0  0  0  0  0  6.296119  8.839532   0.000000   
14  0    2           5.597719   28 0  0  0  0  0  0  4.633264  6.647789   0.021972   
14  6    1           0.000000   0  0  0  0  0  0  0  0.000000  0.658370   0.000000   
14  1    1           0.000000   0  0  0  0  0  0  0  0.000000  0.721528   0.000000   
14  7    1           0.000000   0  0  0  0  0  0  0  0.000000  0.655716   0.000000   
14  4    1           0.000000   0  0  0  0  0  0  0  0.000000  0.639230   0.000000   
14  5    2           5.842797   34 0  0  0  0  0  0  4.643917  6.778790   0.000000   
14  2    1           0.000000   0  0  0  0  0  0  0  0.000000  0.620776   0.000000   
14  3    1           0.000000   0  0  0  0  0  0  0  0.000000  0.634951   0.000000   
15  0    1           0.000000   0  0  0  0  0  0  0  0.000000  0.718306   0.021344   
15  6    2           6.860868   28 0  0  0  0  0  0  5.065800  7.921809   0.000000   
15  4    2           6.469656   27 0  0  0  0  0  0  5.087301  7.538470   0.000000   
15  1    1           0.000000   0  0  0  0  0  0  0  0.000000  0.722178   0.000000   
15  7    2           7.300906   30 0  0  0  0  0  0  5.431443  8.233260   0.000000   
15  5    2           6.533161   27 0  0  0  0  0  0  5.126062  7.583827   0.000000   
15  2    1           0.000000   0  0  0  0  0  0  0  0.000000  0.622074   0.000000   
15  3    1           0.000000   0  0  0  0  0  0  0  0.000000  0.635631   0.000000   
16  0    1           0.000000   0  0  0  0  0  0  0  0.000000  0.713917   0.021025   
16  6    2           6.637811   27 0  0  0  0  0  0  4.825578  7.629204   0.000000   
16  4    2           4.940607   29 0  0  0  0  0  0  3.915255  5.855975   0.000000   
16  1    2           7.549377   38 0  0  0  0  0  0  6.259075  8.595932   0.000000   
16  7    2           6.359006   26 0  0  0  0  0  0  4.630126  7.443288   0.000000   
16  5    1           0.000000   0  0  0  0  0  0  0  0.000000  0.651337   0.000000   
16  2    2           5.860107   25 0  0  0  0  0  0  4.622689  6.898460   0.000000   
16  3    2           6.376529   27 0  0  0  0  0  0  5.035694  7.279796   0.000000   
17  0    2           4.586511   23 0  0  0  0  0  0  3.786977  5.624033   0.020482   
17  6    1           0.000000   0  0  0  0  0  0  0  0.000000  0.655300   0.000000   
17  1    1           0.000000   0  0  0  0  0  0  0  0.000000  0.720359   0.000000   
17  7    1           0.000000   0  0  0  0  0  0  0  0.000000  0.658278   0.000000   
17  4    1           0.000000   0  0  0  0  0  0  0  0.000000  0.641369   0.000000   
17  5    1           0.000000   0  0  0  0  0  0  0  0.000000  0.654125   0.000000   
17  2    1           0.000000   0  0  0  0  0  0  0  0.000000  0.623666   0.000000   
17  3    2           4.502275   27 0  0  0  0  0  0  3.556757  5.410477   0.000000   
18  0    1           0.000000   0  0  0  0  0  0  0  0.000000  0.723264   0.020355   
18  6    1           0.000000   0  0  0  0  0  0  0  0.000000  0.658112   0.000000   
18  1    2           5.400545   27 0  0  0  0  0  0  4.460837  6.449967   0.000000   
18  7    1           0.000000   0  0  0  0  0  0  0  0.000000  0.655669   0.000000   
18  4    1           0.000000   0  0  0  0  0  0  0  0.000000  0.638367   0.000000   
18  5    1           0.000000   0  0  0  0  0  0  0  0.000000  0.653033   0.000000   
18  2    2           4.442749   27 0  0  0  0  0  0  3.497416  5.334685   0.000000   
18  3    1           0.000000   0  0  0  0  0  0  0  0.000000  0.636633   0.000000   
19  0    2           3.785667   19 0  0  0  0  0  0  3.117962  4.844982   0.020323   
19  6    1           0.000000   0  0  0  0  0  0  0  0.000000  0.658651   0.000000   
19  1    1           0.000000   0  0  0  0  0  0  0  0.000000  0.722437   0.000000   
19  7    1           0.000000   0  0  0  0  0  0  0  0.000000  0.657096   0.000000   
19  4    1           0.000000   0  0  0  0  0  0  0  0.000000  0.639024   0.000000   
19  2    1           0.000000   0  0  0  0  0  0  0  0.000000  0.622943   0.000000   
19  5    2           6.186271   36 0  0  0  0  0  0  4.916228  7.122964   0.000000   
19  3    1           0.000000   0  0  0  0  0  0  0  0.000000  0.636738   0.000000   
20  0    1           0.000000   0  0  0  0  0  0  0  0.000000  0.726465   0.020304   
20  1    2           4.812939   24 0  0  0  0  0  0  3.969765  5.861011   0.000000   
20  6    1           0.000000   0  0  0  0  0  0  0  0.000000  0.658577   0.000000   
20  7    1           0.000000   0  0  0  0  0  0  0  0.000000  0.657958   0.000000   
20  4    1           0.000000   0  0  0  0  0  0  0  0.000000  0.641613   0.000000   
20  2    2           4.440629   27 0  0  0  0  0  0  3.495754  5.331237   0.000000   
20  5    1           0.000000   0  0  0  0  0  0  0  0.000000  0.652834   0.000000   
20  3    1           0.000000   0  0  0  0  0  0  0  0.000000  0.636475   0.000000   
21  0    2           4.763546   24 0  0  0  0  0  0  3.929660  5.813110   0.020618   
21  6    1           0.000000   0  0  0  0  0  0  0  0.000000  0.658496   0.000000   
21  4    1           0.000000   0  0  0  0  0  0  0  0.000000  0.641900   0.000000   
21  1    1           0.000000   0  0  0  0  0  0  0  0.000000  0.723310   0.000000   
21  7    1           0.000000   0  0  0  0  0  0  0  0.000000  0.657078   0.000000   
21  2    1           0.000000   0  0  0  0  0  0  0  0.000000  0.622422   0.000000   
21  5    2           4.486617   26 0  0  0  0  0  0  3.552209  5.425628   0.000000   
21  3    1           0.000000   0  0  0  0  0  0  0  0.000000  0.635889   0.000000   
22  0    1           0.000000   0  0  0  0  0  0  0  0.000000  0.716660   0.020842   
22  6    1           0.000000   0  0  0  0  0  0  0  0.000000  0.657458   0.000000   
22  1    2           4.757311   24 0  0  0  0  0  0  3.921872  5.801946   0.000000   
22  7    1           0.000000   0  0  0  0  0  0  0  0.000000  0.655041   0.000000   
22  4    1           0.000000   0  0  0  0  0  0  0  0.000000  0.640689   0.000000   
22  2    2           3.967114   24 0  0  0  0  0  0  3.121046  4.858311   0.000000   
22  5    1           0.000000   0  0  0  0  0  0  0  0.000000  0.653817   0.000000   
22  3    1           0.000000   0  0  0  0  0  0  0  0.000000  0.636189   0.000000   
23  0    2           4.769580   24 0  0  0  0  0  0  3.935894  5.816196   0.020896   
23  6    1           0.000000   0  0  0  0  0  0  0  0.000000  0.658521   0.000000   
23  1    1           0.000000   0  0  0  0  0  0  0  0.000000  0.722191   0.000000   
23  7    1           0.000000   0  0  0  0  0  0  0  0.000000  0.656759   0.000000   
23  2    1           0.000000   0  0  0  0  0  0  0  0.000000  0.625253   0.000000   
23  4    1           0.000000   0  0  0  0  0  0  0  0.000000  0.639140   0.000000   
23  3    1           0.000000   0  0  0  0  0  0  0  0.000000  0.636036   0.000000   
23  5    2           3.797113   22 0  0  0  0  0  0  3.002187  4.733318   0.000000   
24  0    1           0.000000   0  0  0  0  0  0  0  0.000000  0.718554   0.020841   
24  6    1           0.000000   0  0  0  0  0  0  0  0.000000  0.655601   0.000000   
24  4    1           0.000000   0  0  0  0  0  0  0  0.000000  0.638596   0.000000   
24  1    2           4.202793   21 0  0  0  0  0  0  3.460080  5.250597   0.000000   
24  7    1           0.000000   0  0  0  0  0  0  0  0.000000  0.656609   0.000000   
24  2    2           3.956593   24 0  0  0  0  0  0  3.112897  4.851103   0.000000   
24  5    1           0.000000   0  0  0  0  0  0  0  0.000000  0.653245   0.000000   
24  3    1           0.000000   0  0  0  0  0  0  0  0.000000  0.636662   0.000000   
25  0    2           3.816523   19 0  0  0  0  0  0  3.143618  4.868576   0.020044   
25  2    1           0.000000   0  0  0  0  0  0  0  0.000000  0.624717   0.000000   
25  6    1           0.000000   0  0  0  0  0  0  0  0.000000  0.658474   0.000000   
25  4    1           0.000000   0  0  0  0  0  0  0  0.000000  0.637013   0.000000   
25  1    1           0.000000   0  0  0  0  0  0  0  0.000000  0.723961   0.000000   
25  3    2           5.652058   34 0  0  0  0  0  0  4.461068  6.558747   0.000000   
25  7    1           0.000000   0  0  0  0  0  0  0  0.000000  0.657161   0.000000   
25  5    1           0.000000   0  0  0  0  0  0  0  0.000000  0.652705   0.000000   
26  6    1           0.000000   0  0  0  0  0  0  0  0.000000  0.658760   0.000000   
26  4    1           0.000000   0  0  0  0  0  0  0  0.000000  0.641936   0.000000   
26  0    1           0.000000   0  0  0  0  0  0  0  0.000000  0.725509   0.020192   
26  2    2           3.787766   23 0  0  0  0  0  0  2.976148  4.678156   0.000000   
26  7    1           0.000000   0  0  0  0  0  0  0  0.000000  0.657275   0.000000   
26  5    2           3.627063   21 0  0  0  0  0  0  2.863821  4.564595   0.000000   
26  1    2           4.854490   24 0  0  0  0  0  0  4.006326  5.904657   0.000000   
26  3    1           0.000000   0  0  0  0  0  0  0  0.000000  0.636249   0.000000   
27  0    3           8.431440   23 19 0  0  0  0  0  6.970987  9.808895   0.020624   
27  6    1           0.000000   0  0  0  0  0  0  0  0.000000  0.657875   0.000000   
27  1    1           0.000000   0  0  0  0  0  0  0  0.000000  0.718652   0.000000   
27  7    1           0.000000   0  0  0  0  0  0  0  0.000000  0.657569   0.000000   
27  4    1           0.000000   0  0  0  0  0  0  0  0.000000  0.637552   0.000000   
27  2    1           0.000000   0  0  0  0  0  0  0  0.000000  0.625661   0.000000   
27  3    2           5.153212   31 0  0  0  0  0  0  4.065166  6.059899   0.000000   
27  5    1           0.000000   0  0  0  0  0  0  0  0.000000  0.652096   0.000000   
28  6    1           0.000000   0  0  0  0  0  0  0  0.000000  0.658310   0.000000   
28  0    1           0.000000   0  0  0  0  0  0  0  0.000000  0.712567   0.020674   
28  7    1           0.000000   0  0  0  0  0  0  0  0.000000  0.657893   0.000000   
28  4    1           0.000000   0  0  0  0  0  0  0  0.000000  0.643453   0.000000   
28  1    2           5.348089   27 0  0  0  0  0  0  4.415725  6.397482   0.000000   
28  5    2           3.291644   19 0  0  0  0  0  0  2.597756  4.231087   0.000000   
28  2    2           4.116883   25 0  0  0  0  0  0  3.238890  5.008859   0.000000   
28  3    1           0.000000   0  0  0  0  0  0  0  0.000000  0.637555   0.000000   
29  0    2           4.398356   22 0  0  0  0  0  0  3.628273  5.447667   0.020678   
29  6    1           0.000000   0  0  0  0  0  0  0  0.000000  0.659521   0.000000   
29  1    1           0.000000   0  0  0  0  0  0  0  0.000000  0.725216   0.000000   
29  7    1           0.000000   0  0  0  0  0  0  0  0.000000  0.658664   0.000000   
29  2    1           0.000000   0  0  0  0  0  0  0  0.000000  0.625349   0.000000   
29  4    1           0.000000   0  0  0  0  0  0  0  0.000000  0.638089   0.000000   
29  3    1           0.000000   0  0  0  0  0  0  0  0.000000  0.637326   0.000000   
29  5    1           0.000000   0  0  0  0  0  0  0  0.000000  0.652651   0.000000   
30  0    1           0.000000   0  0  0  0  0  0  0  0.000000  0.722103   0.020883   
30  6    1           0.000000   0  0  0  0  0  0  0  0.000000  0.658293   0.000000   
30  4    1           0.000000   0  0  0  0  0  0  0  0.000000  0.640556   0.000000   
30  1    2           4.773241   24 0  0  0  0  0  0  3.939730  5.819779   0.000000   
30  2    2           6.101859   26 0  0  0  0  0  0  4.814578  7.150826   0.000000   
30  7    1           0.000000   0  0  0  0  0  0  0  0.000000  0.654186   0.000000   
30  5    2           4.139970   24 0  0  0  0  0  0  3.274375  5.076429   0.000000   
30  3    2           6.414052   27 0  0  0  0  0  0  5.051196  7.357308   0.000000
total max update time is: 304.229
Total train time is 345.516 second.
