dim=3231961
procnum=8,synchronize!!!
#   RANK TRONIter-k  CG-time    HvIter-k             Hv-time   Update-time ObjectValue Problem    Gradient   Diagonal   Comm-time  
1   0    8           46.115947  5  10 14 15 18 26 55 38.037293 50.811157   0.043286    0.183634   0.177768   0.179900   0.987212   
1   1    8           46.770443  5  10 14 16 18 27 53 38.119406 51.244276   0.000000    0.186057   0.179440   0.179478   0.987212   
1   2    8           52.337728  5  10 13 16 19 26 55 41.543436 58.333943   0.000000    0.211576   0.249693   0.240545   0.987212   
1   6    8           46.554318  5  9  12 15 19 25 55 36.181089 52.307350   0.000000    0.215860   0.260175   0.212860   0.987212   
1   3    8           52.587859  5  10 14 15 18 27 55 41.537781 58.473905   0.000000    0.211870   0.249157   0.240392   0.987212   
1   4    8           45.281621  5  9  14 15 19 26 54 35.440600 51.185932   0.000000    0.195240   0.269734   0.257315   0.987212   
1   7    8           50.581599  5  11 9  17 20 39 55 39.105082 56.066676   0.000000    0.214990   0.258984   0.210101   0.987212   
1   5    8           46.453295  5  10 14 15 18 27 55 36.491882 51.971679   0.000000    0.196529   0.270757   0.259648   0.987212   
2   6    2           15.585454  64 0  0  0  0  0  0  12.205614 16.929107   0.000000    0.168254   0.183092   0.156145   0.851077   
2   2    2           15.343174  65 0  0  0  0  0  0  12.200053 16.325352   0.000000    0.107867   0.124954   0.110842   0.851077   
2   3    2           15.168961  64 0  0  0  0  0  0  12.049859 16.205779   0.000000    0.109518   0.126682   0.112721   0.851077   
2   4    1           0.000000   0  0  0  0  0  0  0  0.000000  0.935213    0.000000    0.143898   0.202616   0.184416   0.851077   
2   7    1           0.000000   0  0  0  0  0  0  0  0.000000  0.925395    0.000000    0.169231   0.183870   0.155322   0.851077   
2   0    2           14.894799  65 0  0  0  0  0  0  12.392101 15.915736   0.034367    0.110023   0.122652   0.112816   0.851077   
2   1    2           15.050594  65 0  0  0  0  0  0  12.585500 16.041718   0.000000    0.112562   0.125234   0.114343   0.851077   
2   5    2           13.992819  64 0  0  0  0  0  0  11.170873 15.203264   0.000000    0.145247   0.202908   0.182967   0.851077   
3   0    1           0.000000   0  0  0  0  0  0  0  0.000000  0.634668    0.031665    0.110145   0.123743   0.113396   1.567659   
3   1    1           0.000000   0  0  0  0  0  0  0  0.000000  0.639762    0.000000    0.112721   0.125496   0.115135   1.567659   
3   2    1           0.000000   0  0  0  0  0  0  0  0.000000  0.631552    0.000000    0.108008   0.124939   0.110535   1.567659   
3   4    3           21.718057  64 29 0  0  0  0  0  16.979775 23.330173   0.000000    0.110149   0.130887   0.116043   1.567659   
3   6    1           0.000000   0  0  0  0  0  0  0  0.000000  0.938909    0.000000    0.149784   0.192638   0.170669   1.567659   
3   3    1           0.000000   0  0  0  0  0  0  0  0.000000  0.639383    0.000000    0.109373   0.127012   0.112892   1.567659   
3   5    1           0.000000   0  0  0  0  0  0  0  0.000000  0.653557    0.000000    0.111404   0.131929   0.116462   1.567659   
3   7    3           27.682646  58 56 0  0  0  0  0  22.056564 29.321630   0.000000    0.150487   0.193296   0.168525   1.567659   
4   0    1           0.000000   0  0  0  0  0  0  0  0.000000  0.952557    0.031624    0.182149   0.206466   0.135370   0.927504   
4   1    1           0.000000   0  0  0  0  0  0  0  0.000000  0.956080    0.000000    0.184261   0.207419   0.136369   0.927504   
4   2    1           0.000000   0  0  0  0  0  0  0  0.000000  1.017134    0.000000    0.199855   0.237133   0.110718   0.927504   
4   6    1           0.000000   0  0  0  0  0  0  0  0.000000  1.097722    0.000000    0.201125   0.249279   0.129900   0.927504   
4   3    1           0.000000   0  0  0  0  0  0  0  0.000000  1.019597    0.000000    0.201705   0.238983   0.112140   0.927504   
4   4    1           0.000000   0  0  0  0  0  0  0  0.000000  1.086977    0.000000    0.203710   0.245578   0.122297   0.927504   
4   5    1           0.000000   0  0  0  0  0  0  0  0.000000  1.089537    0.000000    0.205328   0.246279   0.122946   0.927504   
4   7    1           0.000000   0  0  0  0  0  0  0  0.000000  1.084918    0.000000    0.203277   0.249546   0.121967   0.927504   
5   6    2           6.108741   36 0  0  0  0  0  0  4.840286  7.034118    0.000000    0.108147   0.131385   0.116316   1.008245   
5   2    2           8.728907   37 0  0  0  0  0  0  6.890348  9.782186    0.000000    0.107705   0.124903   0.110260   1.008245   
5   3    2           8.805478   37 0  0  0  0  0  0  6.943243  9.829803    0.000000    0.109256   0.126716   0.112910   1.008245   
5   0    2           9.928864   36 0  0  0  0  0  0  8.137130  11.205711   0.027606    0.137291   0.152624   0.150279   1.008245   
5   1    2           10.002524  36 0  0  0  0  0  0  8.258504  11.274627   0.000000    0.141124   0.152775   0.152521   1.008245   
5   7    1           0.000000   0  0  0  0  0  0  0  0.000000  0.647614    0.000000    0.108444   0.132128   0.115201   1.008245   
5   4    1           0.000000   0  0  0  0  0  0  0  0.000000  0.643132    0.000000    0.109562   0.129807   0.114391   1.008245   
5   5    2           6.109733   36 0  0  0  0  0  0  4.838992  7.046540    0.000000    0.111379   0.131684   0.117797   1.008245   
6   6    1           0.000000   0  0  0  0  0  0  0  0.000000  0.657398    0.000000    0.109314   0.132862   0.118502   0.949665   
6   0    1           0.000000   0  0  0  0  0  0  0  0.000000  0.788178    0.027829    0.143965   0.147204   0.148060   0.949665   
6   2    1           0.000000   0  0  0  0  0  0  0  0.000000  0.635391    0.000000    0.108082   0.125523   0.110765   0.949665   
6   1    1           0.000000   0  0  0  0  0  0  0  0.000000  0.800778    0.000000    0.148226   0.150018   0.150475   0.949665   
6   3    1           0.000000   0  0  0  0  0  0  0  0.000000  0.640167    0.000000    0.109184   0.126862   0.112343   0.949665   
6   4    2           9.621601   35 0  0  0  0  0  0  7.323340  10.842375   0.000000    0.109591   0.130024   0.114439   0.949665   
6   5    1           0.000000   0  0  0  0  0  0  0  0.000000  0.651353    0.000000    0.111474   0.131473   0.117358   0.949665   
6   7    2           15.147387  52 0  0  0  0  0  0  12.141949 16.221376   0.000000    0.109739   0.133641   0.116435   0.949665   
7   6    1           0.000000   0  0  0  0  0  0  0  0.000000  0.937678    0.000000    0.169778   0.176844   0.181652   1.028438   
7   2    1           0.000000   0  0  0  0  0  0  0  0.000000  1.243485    0.000000    0.209871   0.247192   0.246184   1.028438   
7   3    1           0.000000   0  0  0  0  0  0  0  0.000000  1.243276    0.000000    0.211779   0.248612   0.246742   1.028438   
7   4    1           0.000000   0  0  0  0  0  0  0  0.000000  0.929425    0.000000    0.151639   0.187747   0.181371   1.028438   
7   7    1           0.000000   0  0  0  0  0  0  0  0.000000  0.934309    0.000000    0.169957   0.177024   0.180915   1.028438   
7   0    2           13.403000  62 0  0  0  0  0  0  11.105592 14.600150   0.027539    0.132641   0.162995   0.152050   1.028438   
7   1    1           0.000000   0  0  0  0  0  0  0  0.000000  0.797902    0.000000    0.135219   0.162717   0.153434   1.028438   
7   5    1           0.000000   0  0  0  0  0  0  0  0.000000  0.934169    0.000000    0.154293   0.187808   0.183084   1.028438   
8   6    2           18.124598  62 0  0  0  0  0  0  14.112476 19.462866   0.000000    0.145589   0.196224   0.183862   0.835149   
8   0    1           0.000000   0  0  0  0  0  0  0  0.000000  0.631371    0.025547    0.110394   0.122557   0.113338   0.835149   
8   2    3           27.289162  62 63 0  0  0  0  0  21.572088 28.936659   0.000000    0.107821   0.125299   0.110465   0.835149   
8   4    2           6.692753   28 0  0  0  0  0  0  5.240803  7.758432    0.000000    0.109548   0.130127   0.114575   0.835149   
8   1    3           20.938563  60 55 0  0  0  0  0  17.060781 22.266102   0.000000    0.112991   0.125121   0.115811   0.835149   
8   3    2           15.364378  62 0  0  0  0  0  0  12.050201 16.403193   0.000000    0.109298   0.127040   0.112372   0.835149   
8   7    2           10.675185  32 0  0  0  0  0  0  8.032638  12.348817   0.000000    0.146694   0.195881   0.182762   0.835149   
8   5    2           14.868324  62 0  0  0  0  0  0  11.778879 16.127167   0.000000    0.111514   0.131420   0.116870   0.835149   
9   0    1           0.000000   0  0  0  0  0  0  0  0.000000  0.801708    0.025337    0.132955   0.168199   0.138809   0.928696   
9   1    1           0.000000   0  0  0  0  0  0  0  0.000000  0.811224    0.000000    0.136131   0.169254   0.142520   0.928696   
9   2    1           0.000000   0  0  0  0  0  0  0  0.000000  1.238179    0.000000    0.181430   0.274655   0.244278   0.928696   
9   4    1           0.000000   0  0  0  0  0  0  0  0.000000  0.643740    0.000000    0.109586   0.129904   0.114239   0.928696   
9   6    2           6.588180   37 0  0  0  0  0  0  5.267937  7.598233    0.000000    0.109815   0.133240   0.117733   0.928696   
9   3    1           0.000000   0  0  0  0  0  0  0  0.000000  1.241325    0.000000    0.183645   0.275855   0.245307   0.928696   
9   5    1           0.000000   0  0  0  0  0  0  0  0.000000  0.654333    0.000000    0.111274   0.131653   0.117525   0.928696   
9   7    1           0.000000   0  0  0  0  0  0  0  0.000000  0.657104    0.000000    0.110052   0.133974   0.116596   0.928696   
10  0    1           0.000000   0  0  0  0  0  0  0  0.000000  0.797753    0.024570    0.153059   0.146216   0.144132   0.983418   
10  1    1           0.000000   0  0  0  0  0  0  0  0.000000  0.801814    0.000000    0.155395   0.147333   0.143102   0.983418   
10  6    1           0.000000   0  0  0  0  0  0  0  0.000000  0.926439    0.000000    0.168780   0.179493   0.159683   0.983418   
10  7    2           7.025908   29 0  0  0  0  0  0  5.611948  8.364565    0.000000    0.169478   0.180377   0.157373   0.983418   
10  2    1           0.000000   0  0  0  0  0  0  0  0.000000  0.636268    0.000000    0.108045   0.125686   0.110635   0.983418   
10  4    2           10.597765  32 0  0  0  0  0  0  8.165766  11.989626   0.000000    0.148423   0.201152   0.157618   0.983418   
10  3    1           0.000000   0  0  0  0  0  0  0  0.000000  0.640674    0.000000    0.109398   0.127060   0.112316   0.983418   
10  5    2           14.230130  49 0  0  0  0  0  0  10.798212 15.433063   0.000000    0.150625   0.203179   0.161695   0.983418   
11  0    1           0.000000   0  0  0  0  0  0  0  0.000000  0.796465    0.023341    0.133180   0.164080   0.153095   0.995062   
11  1    2           12.075587  53 0  0  0  0  0  0  10.072000 13.278117   0.000000    0.138226   0.162873   0.154806   0.995062   
11  6    1           0.000000   0  0  0  0  0  0  0  0.000000  0.661408    0.000000    0.109277   0.133521   0.118811   0.995062   
11  2    2           12.344326  34 0  0  0  0  0  0  9.561952  13.973660   0.000000    0.190907   0.274648   0.221785   0.995062   
11  3    2           12.853926  36 0  0  0  0  0  0  9.877156  14.344162   0.000000    0.192890   0.275655   0.223395   0.995062   
11  4    1           0.000000   0  0  0  0  0  0  0  0.000000  0.642979    0.000000    0.109663   0.129591   0.114356   0.995062   
11  7    1           0.000000   0  0  0  0  0  0  0  0.000000  0.656733    0.000000    0.109855   0.133638   0.116597   0.995062   
11  5    1           0.000000   0  0  0  0  0  0  0  0.000000  0.653715    0.000000    0.111535   0.131585   0.117218   0.995062   
12  2    1           0.000000   0  0  0  0  0  0  0  0.000000  0.635102    0.000000    0.108079   0.125302   0.110478   0.960498   
12  0    2           5.953283   30 0  0  0  0  0  0  4.941258  7.179494    0.022345    0.149113   0.148290   0.148309   0.960498   
12  3    1           0.000000   0  0  0  0  0  0  0  0.000000  0.640622    0.000000    0.109324   0.126975   0.112416   0.960498   
12  1    1           0.000000   0  0  0  0  0  0  0  0.000000  0.799068    0.000000    0.152204   0.148441   0.147850   0.960498   
12  6    1           0.000000   0  0  0  0  0  0  0  0.000000  0.657998    0.000000    0.109056   0.132661   0.117848   0.960498   
12  4    2           9.065444   35 0  0  0  0  0  0  7.132584  10.594727   0.000000    0.159723   0.200961   0.155513   0.960498   
12  7    2           11.898758  50 0  0  0  0  0  0  9.484545  13.143424   0.000000    0.109529   0.133454   0.117162   0.960498   
12  5    1           0.000000   0  0  0  0  0  0  0  0.000000  0.928900    0.000000    0.161913   0.203080   0.155286   0.960498   
13  6    1           0.000000   0  0  0  0  0  0  0  0.000000  1.258494    0.000000    0.185224   0.281229   0.242505   0.978135   
13  0    1           0.000000   0  0  0  0  0  0  0  0.000000  0.636276    0.022236    0.110876   0.123567   0.115550   0.978135   
13  1    2           10.913648  50 0  0  0  0  0  0  8.980457  11.955983   0.000000    0.113168   0.125865   0.116654   0.978135   
13  4    1           0.000000   0  0  0  0  0  0  0  0.000000  1.275983    0.000000    0.205329   0.263321   0.248165   0.978135   
13  7    1           0.000000   0  0  0  0  0  0  0  0.000000  1.250679    0.000000    0.185818   0.280950   0.239645   0.978135   
13  2    2           10.760328  32 0  0  0  0  0  0  8.517176  12.201953   0.000000    0.107669   0.124905   0.110265   0.978135   
13  3    2           11.684513  34 0  0  0  0  0  0  9.287508  12.915694   0.000000    0.109350   0.126609   0.112534   0.978135   
13  5    1           0.000000   0  0  0  0  0  0  0  0.000000  1.272249    0.000000    0.206434   0.261967   0.245681   0.978135   
14  4    1           0.000000   0  0  0  0  0  0  0  0.000000  0.638734    0.000000    0.109052   0.129656   0.113653   1.181111   
14  0    2           6.419009   30 0  0  0  0  0  0  5.258333  7.454086    0.021995    0.110488   0.123644   0.114605   1.181111   
14  1    1           0.000000   0  0  0  0  0  0  0  0.000000  0.639869    0.000000    0.113346   0.125352   0.116806   1.181111   
14  6    1           0.000000   0  0  0  0  0  0  0  0.000000  0.662536    0.000000    0.109806   0.133584   0.118438   1.181111   
14  2    1           0.000000   0  0  0  0  0  0  0  0.000000  1.233209    0.000000    0.226207   0.247646   0.199004   1.181111   
14  3    1           0.000000   0  0  0  0  0  0  0  0.000000  1.233999    0.000000    0.227660   0.250215   0.198949   1.181111   
14  7    1           0.000000   0  0  0  0  0  0  0  0.000000  0.658594    0.000000    0.110018   0.133971   0.116879   1.181111   
14  5    2           7.833965   43 0  0  0  0  0  0  6.199071  8.771326    0.000000    0.111617   0.132152   0.118421   1.181111   
15  0    1           0.000000   0  0  0  0  0  0  0  0.000000  0.707160    0.021366    0.112951   0.125016   0.177630   0.971546   
15  1    1           0.000000   0  0  0  0  0  0  0  0.000000  0.722439    0.000000    0.118052   0.130020   0.179394   0.971546   
15  6    2           8.034243   28 0  0  0  0  0  0  6.355762  9.175910    0.000000    0.115450   0.141009   0.137051   0.971546   
15  2    1           0.000000   0  0  0  0  0  0  0  0.000000  0.695249    0.000000    0.111006   0.127681   0.169575   0.971546   
15  3    1           0.000000   0  0  0  0  0  0  0  0.000000  0.712243    0.000000    0.113385   0.132157   0.176816   0.971546   
15  7    2           9.177386   34 0  0  0  0  0  0  7.241739  10.157737   0.000000    0.112504   0.133855   0.161120   0.971546   
15  4    2           7.420596   27 0  0  0  0  0  0  5.824725  8.847554    0.000000    0.114429   0.135481   0.145606   0.971546   
15  5    2           7.960915   28 0  0  0  0  0  0  6.233623  9.137196    0.000000    0.116935   0.138849   0.138152   0.971546   
16  6    2           6.609103   27 0  0  0  0  0  0  4.824082  7.594151    0.000000    0.108710   0.131960   0.116653   0.956474   
16  2    2           6.392848   27 0  0  0  0  0  0  5.005010  7.450297    0.000000    0.107659   0.125172   0.110484   0.956474   
16  4    2           7.839499   34 0  0  0  0  0  0  6.149530  9.309964    0.000000    0.160143   0.201064   0.155773   0.956474   
16  0    1           0.000000   0  0  0  0  0  0  0  0.000000  0.799160    0.021040    0.150505   0.158394   0.134423   0.956474   
16  3    2           6.460210   27 0  0  0  0  0  0  5.046832  7.489059    0.000000    0.109193   0.126777   0.112091   0.956474   
16  5    1           0.000000   0  0  0  0  0  0  0  0.000000  0.933290    0.000000    0.162455   0.203331   0.159741   0.956474   
16  7    2           6.315518   26 0  0  0  0  0  0  4.621665  7.391321    0.000000    0.108938   0.132544   0.115473   0.956474   
16  1    2           6.362662   35 0  0  0  0  0  0  5.255638  7.453673    0.000000    0.152819   0.162978   0.135129   0.956474   
17  0    2           5.176416   23 0  0  0  0  0  0  4.292419  6.450799    0.020485    0.151786   0.149599   0.133406   0.994216   
17  6    1           0.000000   0  0  0  0  0  0  0  0.000000  0.661546    0.000000    0.109393   0.133046   0.117274   0.994216   
17  1    1           0.000000   0  0  0  0  0  0  0  0.000000  0.801383    0.000000    0.154994   0.152903   0.135381   0.994216   
17  2    1           0.000000   0  0  0  0  0  0  0  0.000000  0.913669    0.000000    0.168708   0.168481   0.164476   0.994216   
17  7    1           0.000000   0  0  0  0  0  0  0  0.000000  0.659807    0.000000    0.109889   0.133860   0.116788   0.994216   
17  3    2           6.285421   27 0  0  0  0  0  0  4.966766  7.466668    0.000000    0.170307   0.169884   0.163700   0.994216   
17  4    1           0.000000   0  0  0  0  0  0  0  0.000000  0.637227    0.000000    0.109310   0.128623   0.113302   0.994216   
17  5    1           0.000000   0  0  0  0  0  0  0  0.000000  0.653879    0.000000    0.111868   0.131681   0.120549   0.994216   
18  6    1           0.000000   0  0  0  0  0  0  0  0.000000  0.660589    0.000000    0.109191   0.133264   0.118028   0.984011   
18  0    1           0.000000   0  0  0  0  0  0  0  0.000000  0.790825    0.020356    0.152313   0.147663   0.133621   0.984011   
18  1    2           5.989521   25 0  0  0  0  0  0  4.843210  7.194379    0.000000    0.154818   0.153892   0.135508   0.984011   
18  2    2           4.155182   25 0  0  0  0  0  0  3.272261  5.124166    0.000000    0.107720   0.124604   0.110122   0.984011   
18  4    1           0.000000   0  0  0  0  0  0  0  0.000000  0.911322    0.000000    0.149386   0.200083   0.155476   0.984011   
18  3    1           0.000000   0  0  0  0  0  0  0  0.000000  0.637361    0.000000    0.109201   0.126810   0.112696   0.984011   
18  5    1           0.000000   0  0  0  0  0  0  0  0.000000  0.927625    0.000000    0.151983   0.202168   0.160082   0.984011   
18  7    1           0.000000   0  0  0  0  0  0  0  0.000000  0.656343    0.000000    0.109493   0.133427   0.116650   0.984011   
19  6    1           0.000000   0  0  0  0  0  0  0  0.000000  0.661032    0.000000    0.109091   0.132990   0.117660   0.986146   
19  0    2           5.293680   23 0  0  0  0  0  0  4.384745  6.491177    0.020333    0.132401   0.168139   0.142930   0.986146   
19  1    1           0.000000   0  0  0  0  0  0  0  0.000000  0.813889    0.000000    0.136310   0.169585   0.146725   0.986146   
19  2    1           0.000000   0  0  0  0  0  0  0  0.000000  0.914391    0.000000    0.140179   0.196300   0.175735   0.986146   
19  3    1           0.000000   0  0  0  0  0  0  0  0.000000  0.917833    0.000000    0.141804   0.198226   0.178903   0.986146   
19  4    1           0.000000   0  0  0  0  0  0  0  0.000000  0.640780    0.000000    0.109612   0.129316   0.113834   0.986146   
19  7    1           0.000000   0  0  0  0  0  0  0  0.000000  0.658470    0.000000    0.109499   0.133669   0.116607   0.986146   
19  5    2           8.717706   42 0  0  0  0  0  0  6.920962  9.795572    0.000000    0.111714   0.131747   0.117738   0.986146   
20  6    1           0.000000   0  0  0  0  0  0  0  0.000000  0.662716    0.000000    0.109378   0.133679   0.118167   0.986403   
20  0    1           0.000000   0  0  0  0  0  0  0  0.000000  0.634824    0.020320    0.112078   0.123360   0.113584   0.986403   
20  1    2           5.616937   24 0  0  0  0  0  0  4.613350  6.661074    0.000000    0.114129   0.125908   0.116213   0.986403   
20  2    2           5.602217   25 0  0  0  0  0  0  4.458497  6.624455    0.000000    0.107951   0.125493   0.110731   0.986403   
20  4    1           0.000000   0  0  0  0  0  0  0  0.000000  0.926206    0.000000    0.149562   0.209602   0.164626   0.986403   
20  7    1           0.000000   0  0  0  0  0  0  0  0.000000  0.659314    0.000000    0.109759   0.134053   0.116920   0.986403   
20  3    1           0.000000   0  0  0  0  0  0  0  0.000000  0.638425    0.000000    0.109277   0.126924   0.112887   0.986403   
20  5    1           0.000000   0  0  0  0  0  0  0  0.000000  0.916388    0.000000    0.142901   0.208692   0.165780   0.986403   
21  2    1           0.000000   0  0  0  0  0  0  0  0.000000  0.933833    0.000000    0.169610   0.169226   0.188563   0.972472   
21  6    1           0.000000   0  0  0  0  0  0  0  0.000000  0.661841    0.000000    0.109753   0.133866   0.119386   0.972472   
21  0    2           5.611365   24 0  0  0  0  0  0  4.591891  6.810149    0.020637    0.143296   0.147046   0.150429   0.972472   
21  3    1           0.000000   0  0  0  0  0  0  0  0.000000  0.934301    0.000000    0.170556   0.170169   0.188792   0.972472   
21  4    1           0.000000   0  0  0  0  0  0  0  0.000000  0.642902    0.000000    0.109626   0.129699   0.114173   0.972472   
21  7    1           0.000000   0  0  0  0  0  0  0  0.000000  0.653805    0.000000    0.109618   0.133666   0.116280   0.972472   
21  1    1           0.000000   0  0  0  0  0  0  0  0.000000  0.814685    0.000000    0.147085   0.150563   0.153427   0.972472   
21  5    2           4.943338   26 0  0  0  0  0  0  3.897044  5.880643    0.000000    0.111398   0.131625   0.117966   0.972472   
22  6    1           0.000000   0  0  0  0  0  0  0  0.000000  0.640160    0.000000    0.107906   0.129994   0.115171   0.985301   
22  2    2           5.541528   24 0  0  0  0  0  0  4.374790  6.863898    0.000000    0.139861   0.196345   0.170597   0.985301   
22  4    1           0.000000   0  0  0  0  0  0  0  0.000000  0.642369    0.000000    0.109595   0.129439   0.114197   0.985301   
22  3    1           0.000000   0  0  0  0  0  0  0  0.000000  0.917814    0.000000    0.141804   0.198051   0.172010   0.985301   
22  7    1           0.000000   0  0  0  0  0  0  0  0.000000  0.657748    0.000000    0.110356   0.133358   0.122063   0.985301   
22  0    1           0.000000   0  0  0  0  0  0  0  0.000000  0.788001    0.020858    0.135823   0.163662   0.133019   0.985301   
22  5    1           0.000000   0  0  0  0  0  0  0  0.000000  0.654659    0.000000    0.111501   0.131528   0.118044   0.985301   
22  1    2           5.512175   24 0  0  0  0  0  0  4.521755  6.705940    0.000000    0.138956   0.165158   0.132611   0.985301   
23  6    1           0.000000   0  0  0  0  0  0  0  0.000000  0.639502    0.000000    0.107765   0.130025   0.115303   0.971092   
23  0    2           4.967319   21 0  0  0  0  0  0  4.081390  6.166473    0.020902    0.135164   0.155738   0.157101   0.971092   
23  2    1           0.000000   0  0  0  0  0  0  0  0.000000  0.909231    0.000000    0.140339   0.196763   0.159139   0.971092   
23  4    1           0.000000   0  0  0  0  0  0  0  0.000000  0.643207    0.000000    0.109651   0.129692   0.114215   0.971092   
23  1    1           0.000000   0  0  0  0  0  0  0  0.000000  0.805171    0.000000    0.138112   0.155466   0.157885   0.971092   
23  3    1           0.000000   0  0  0  0  0  0  0  0.000000  0.913034    0.000000    0.141884   0.198101   0.160499   0.971092   
23  5    2           4.623393   24 0  0  0  0  0  0  3.606894  5.559627    0.000000    0.111337   0.131477   0.117886   0.971092   
23  7    1           0.000000   0  0  0  0  0  0  0  0.000000  0.658695    0.000000    0.110491   0.133456   0.124349   0.971092   
24  0    1           0.000000   0  0  0  0  0  0  0  0.000000  0.789556    0.020842    0.145272   0.149048   0.145136   1.365895   
24  1    2           5.620883   23 0  0  0  0  0  0  4.596057  6.817738    0.000000    0.147259   0.151664   0.146221   1.365895   
24  6    1           0.000000   0  0  0  0  0  0  0  0.000000  0.661207    0.000000    0.108903   0.133016   0.117651   1.365895   
24  2    2           4.123569   24 0  0  0  0  0  0  3.237603  5.282562    0.000000    0.140231   0.196463   0.150400   1.365895   
24  7    1           0.000000   0  0  0  0  0  0  0  0.000000  0.660688    0.000000    0.110034   0.134034   0.117491   1.365895   
24  3    1           0.000000   0  0  0  0  0  0  0  0.000000  0.900935    0.000000    0.141795   0.197784   0.152097   1.365895   
24  4    1           0.000000   0  0  0  0  0  0  0  0.000000  0.641718    0.000000    0.109802   0.129355   0.114666   1.365895   
24  5    1           0.000000   0  0  0  0  0  0  0  0.000000  0.655457    0.000000    0.111618   0.131708   0.118651   1.365895   
25  0    2           5.497735   23 0  0  0  0  0  0  4.547211  6.756345    0.020033    0.112398   0.170964   0.190894   1.106699   
25  2    1           0.000000   0  0  0  0  0  0  0  0.000000  0.933925    0.000000    0.109513   0.185696   0.222106   1.106699   
25  1    1           0.000000   0  0  0  0  0  0  0  0.000000  0.882589    0.000000    0.117381   0.176638   0.194533   1.106699   
25  3    2           7.978955   34 0  0  0  0  0  0  6.387962  9.249341    0.000000    0.111944   0.188884   0.222818   1.106699   
25  4    1           0.000000   0  0  0  0  0  0  0  0.000000  0.950114    0.000000    0.112394   0.193611   0.224312   1.106699   
25  6    1           0.000000   0  0  0  0  0  0  0  0.000000  0.969909    0.000000    0.112145   0.196062   0.225235   1.106699   
25  7    1           0.000000   0  0  0  0  0  0  0  0.000000  0.966125    0.000000    0.113384   0.196797   0.223876   1.106699   
25  5    1           0.000000   0  0  0  0  0  0  0  0.000000  0.964181    0.000000    0.114343   0.195919   0.225948   1.106699   
26  0    1           0.000000   0  0  0  0  0  0  0  0.000000  0.794746    0.020184    0.147256   0.160127   0.134277   0.965452   
26  6    1           0.000000   0  0  0  0  0  0  0  0.000000  0.651032    0.000000    0.108434   0.131604   0.116799   0.965452   
26  1    2           5.287526   23 0  0  0  0  0  0  4.296989  6.552597    0.000000    0.150731   0.161917   0.135774   0.965452   
26  4    1           0.000000   0  0  0  0  0  0  0  0.000000  0.645551    0.000000    0.109713   0.130238   0.114302   0.965452   
26  7    1           0.000000   0  0  0  0  0  0  0  0.000000  0.658681    0.000000    0.109890   0.133236   0.119412   0.965452   
26  2    2           3.989585   24 0  0  0  0  0  0  3.142092  4.891577    0.000000    0.107890   0.125262   0.110450   0.965452   
26  5    2           3.251399   19 0  0  0  0  0  0  2.553561  4.184231    0.000000    0.111302   0.131693   0.117275   0.965452   
26  3    1           0.000000   0  0  0  0  0  0  0  0.000000  0.638036    0.000000    0.109382   0.126905   0.112525   0.965452   
27  0    3           9.260041   24 21 0  0  0  0  0  7.689990  10.663828   0.020628    0.139586   0.154680   0.154747   0.988632   
27  4    1           0.000000   0  0  0  0  0  0  0  0.000000  0.924589    0.000000    0.143644   0.200338   0.181933   0.988632   
27  1    1           0.000000   0  0  0  0  0  0  0  0.000000  0.803570    0.000000    0.142569   0.154147   0.155294   0.988632   
27  5    1           0.000000   0  0  0  0  0  0  0  0.000000  0.935835    0.000000    0.145755   0.202337   0.184485   0.988632   
27  6    1           0.000000   0  0  0  0  0  0  0  0.000000  0.653152    0.000000    0.108628   0.131521   0.116624   0.988632   
27  2    1           0.000000   0  0  0  0  0  0  0  0.000000  1.231459    0.000000    0.181296   0.274074   0.234309   0.988632   
27  3    2           8.228710   28 0  0  0  0  0  0  6.275264  9.785685    0.000000    0.183197   0.274621   0.234930   0.988632   
27  7    1           0.000000   0  0  0  0  0  0  0  0.000000  0.658720    0.000000    0.109756   0.133432   0.118654   0.988632   
28  0    1           0.000000   0  0  0  0  0  0  0  0.000000  0.660135    0.020683    0.114657   0.128927   0.119028   1.001468   
28  1    2           5.353657   27 0  0  0  0  0  0  4.405497  6.343174    0.000000    0.117488   0.131219   0.120333   1.001468   
28  2    2           4.423302   27 0  0  0  0  0  0  3.476985  5.319041    0.000000    0.107381   0.124511   0.110375   1.001468   
28  6    1           0.000000   0  0  0  0  0  0  0  0.000000  0.636155    0.000000    0.106908   0.129299   0.114371   1.001468   
28  3    1           0.000000   0  0  0  0  0  0  0  0.000000  0.635809    0.000000    0.109158   0.126467   0.112420   1.001468   
28  4    1           0.000000   0  0  0  0  0  0  0  0.000000  0.646688    0.000000    0.109798   0.129951   0.114789   1.001468   
28  7    1           0.000000   0  0  0  0  0  0  0  0.000000  0.646267    0.000000    0.108464   0.131316   0.117305   1.001468   
28  5    2           3.393628   20 0  0  0  0  0  0  2.654636  4.324088    0.000000    0.111155   0.131771   0.117404   1.001468   
29  0    2           4.315681   22 0  0  0  0  0  0  3.535516  5.291811    0.020688    0.114652   0.127645   0.118364   0.990674   
29  6    1           0.000000   0  0  0  0  0  0  0  0.000000  0.636214    0.000000    0.106691   0.129276   0.114075   0.990674   
29  1    1           0.000000   0  0  0  0  0  0  0  0.000000  0.665048    0.000000    0.118100   0.130463   0.120333   0.990674   
29  4    1           0.000000   0  0  0  0  0  0  0  0.000000  0.642491    0.000000    0.109778   0.129541   0.114032   0.990674   
29  2    1           0.000000   0  0  0  0  0  0  0  0.000000  0.631690    0.000000    0.107420   0.124922   0.110185   0.990674   
29  7    1           0.000000   0  0  0  0  0  0  0  0.000000  0.645979    0.000000    0.108293   0.131360   0.117106   0.990674   
29  3    1           0.000000   0  0  0  0  0  0  0  0.000000  0.638793    0.000000    0.108894   0.126822   0.112658   0.990674   
29  5    1           0.000000   0  0  0  0  0  0  0  0.000000  0.653314    0.000000    0.111484   0.131507   0.117639   0.990674   
30  6    1           0.000000   0  0  0  0  0  0  0  0.000000  0.643488    0.000000    0.107086   0.130101   0.114628   1.001577   
30  0    1           0.000000   0  0  0  0  0  0  0  0.000000  0.659869    0.020897    0.115610   0.128309   0.118449   1.001577   
30  7    1           0.000000   0  0  0  0  0  0  0  0.000000  0.648204    0.000000    0.108291   0.131761   0.116462   1.001577   
30  1    2           4.758478   24 0  0  0  0  0  0  3.903131  5.745173    0.000000    0.117980   0.130318   0.120173   1.001577   
30  2    2           5.652463   24 0  0  0  0  0  0  4.411798  6.692784    0.000000    0.107131   0.124667   0.110013   1.001577   
30  3    2           6.320085   27 0  0  0  0  0  0  4.935306  7.222201    0.000000    0.108837   0.126771   0.112296   1.001577   
30  4    1           0.000000   0  0  0  0  0  0  0  0.000000  0.645176    0.000000    0.109649   0.129487   0.114455   1.001577   
30  5    2           3.731806   22 0  0  0  0  0  0  2.925477  4.661527    0.000000    0.111235   0.131310   0.116853   1.001577   
total max update time is: 371.628
Total train time is 411.373 second.
