dim=3231961
procnum=8,synchronize!!!
#   RANK TRONIter-k  CG-time    HvIter-k             Hv-time   Update-time ObjectValue 
1   0    8           49.250582  5  10 14 15 18 26 55 41.023325 54.134746  0.043289   
1   1    8           50.442484  5  10 14 16 18 27 53 42.128831 55.756358  0.000000   
1   6    8           48.655901  5  9  12 15 19 25 54 38.896240 55.305893  0.000000   
1   4    8           49.080794  5  9  14 15 19 26 54 39.911697 55.270789  0.000000   
1   7    8           54.580578  5  11 9  17 20 41 55 43.871692 61.710192  0.000000   
1   2    8           65.215401  5  10 13 16 19 26 55 52.493320 73.591474  0.000000   
1   3    8           66.688858  5  10 14 15 18 27 55 53.308551 74.673651  0.000000   
1   5    8           50.001598  5  10 14 15 18 27 55 40.622883 56.351339  0.000000   
2   0    2           18.189785  63 0  0  0  0  0  0  15.391150 19.606663  0.034366   
2   1    2           19.854956  64 0  0  0  0  0  0  16.741429 21.150819  0.000000   
2   6    2           15.582875  64 0  0  0  0  0  0  12.791114 16.939804  0.000000   
2   2    2           23.588930  65 0  0  0  0  0  0  18.567282 24.997132  0.000000   
2   7    1           0.000000   0  0  0  0  0  0  0  0.000000  1.067961   0.000000   
2   3    2           23.540566  65 0  0  0  0  0  0  18.500224 24.957495  0.000000   
2   4    1           0.000000   0  0  0  0  0  0  0  0.000000  1.746587   0.000000   
2   5    2           20.735011  64 0  0  0  0  0  0  16.957455 23.013173  0.000000   
3   0    1           0.000000   0  0  0  0  0  0  0  0.000000  1.028322   0.031661   
3   6    1           0.000000   0  0  0  0  0  0  0  0.000000  0.705773   0.000000   
3   4    3           25.442171  64 29 0  0  0  0  0  20.537879 27.106963  0.000000   
3   1    1           0.000000   0  0  0  0  0  0  0  0.000000  1.061435   0.000000   
3   7    3           31.315503  60 55 0  0  0  0  0  25.645618 32.912806  0.000000   
3   2    1           0.000000   0  0  0  0  0  0  0  0.000000  1.165533   0.000000   
3   5    1           0.000000   0  0  0  0  0  0  0  0.000000  0.926384   0.000000   
3   3    1           0.000000   0  0  0  0  0  0  0  0.000000  1.157920   0.000000   
4   0    1           0.000000   0  0  0  0  0  0  0  0.000000  0.888640   0.031620   
4   6    1           0.000000   0  0  0  0  0  0  0  0.000000  0.868743   0.000000   
4   1    1           0.000000   0  0  0  0  0  0  0  0.000000  0.910519   0.000000   
4   7    1           0.000000   0  0  0  0  0  0  0  0.000000  0.903564   0.000000   
4   2    1           0.000000   0  0  0  0  0  0  0  0.000000  1.264165   0.000000   
4   4    1           0.000000   0  0  0  0  0  0  0  0.000000  0.891047   0.000000   
4   3    1           0.000000   0  0  0  0  0  0  0  0.000000  1.300560   0.000000   
4   5    1           0.000000   0  0  0  0  0  0  0  0.000000  0.897597   0.000000   
5   6    2           8.020605   37 0  0  0  0  0  0  6.624276  9.168643   0.000000   
5   7    1           0.000000   0  0  0  0  0  0  0  0.000000  0.851380   0.000000   
5   0    2           12.653140  36 0  0  0  0  0  0  10.609664 14.140402  0.027606   
5   1    2           13.074532  36 0  0  0  0  0  0  10.822382 14.612429  0.000000   
5   2    2           11.973669  37 0  0  0  0  0  0  9.728940  13.574032  0.000000   
5   4    1           0.000000   0  0  0  0  0  0  0  0.000000  1.030001   0.000000   
5   3    2           11.666208  36 0  0  0  0  0  0  9.454489  13.316172  0.000000   
5   5    2           10.426568  36 0  0  0  0  0  0  8.463048  12.136538  0.000000   
6   2    1           0.000000   0  0  0  0  0  0  0  0.000000  0.837425   0.000000   
6   3    1           0.000000   0  0  0  0  0  0  0  0.000000  0.896352   0.000000   
6   6    1           0.000000   0  0  0  0  0  0  0  0.000000  1.382510   0.000000   
6   0    1           0.000000   0  0  0  0  0  0  0  0.000000  0.819109   0.027825   
6   1    1           0.000000   0  0  0  0  0  0  0  0.000000  0.861243   0.000000   
6   4    2           12.562655  33 0  0  0  0  0  0  9.973895  14.826087  0.000000   
6   7    2           17.940658  52 0  0  0  0  0  0  13.934739 19.974714  0.000000   
6   5    1           0.000000   0  0  0  0  0  0  0  0.000000  1.812374   0.000000   
7   0    2           15.918257  62 0  0  0  0  0  0  13.530992 17.357748  0.027525   
7   6    1           0.000000   0  0  0  0  0  0  0  0.000000  0.740709   0.000000   
7   4    1           0.000000   0  0  0  0  0  0  0  0.000000  0.942648   0.000000   
7   1    1           0.000000   0  0  0  0  0  0  0  0.000000  1.092869   0.000000   
7   7    1           0.000000   0  0  0  0  0  0  0  0.000000  0.785419   0.000000   
7   2    1           0.000000   0  0  0  0  0  0  0  0.000000  1.579363   0.000000   
7   5    1           0.000000   0  0  0  0  0  0  0  0.000000  0.950119   0.000000   
7   3    1           0.000000   0  0  0  0  0  0  0  0.000000  1.593531   0.000000   
8   6    2           13.646498  61 0  0  0  0  0  0  10.666770 14.595235  0.000000   
8   0    1           0.000000   0  0  0  0  0  0  0  0.000000  0.887788   0.025536   
8   1    3           26.327305  58 58 0  0  0  0  0  21.718434 27.944897  0.000000   
8   2    3           27.812082  62 58 0  0  0  0  0  22.240284 29.497753  0.000000   
8   4    2           9.075534   28 0  0  0  0  0  0  7.221658  10.322412  0.000000   
8   3    2           15.585144  62 0  0  0  0  0  0  12.464359 16.986752  0.000000   
8   5    2           17.005452  62 0  0  0  0  0  0  13.401919 17.939892  0.000000   
8   7    2           8.416091   32 0  0  0  0  0  0  6.489499  9.501812   0.000000   
9   6    2           7.074468   37 0  0  0  0  0  0  5.643422  8.035459   0.000000   
9   0    1           0.000000   0  0  0  0  0  0  0  0.000000  0.875217   0.025323   
9   7    1           0.000000   0  0  0  0  0  0  0  0.000000  0.661349   0.000000   
9   2    1           0.000000   0  0  0  0  0  0  0  0.000000  0.642853   0.000000   
9   1    1           0.000000   0  0  0  0  0  0  0  0.000000  0.886485   0.000000   
9   3    1           0.000000   0  0  0  0  0  0  0  0.000000  0.642332   0.000000   
9   4    1           0.000000   0  0  0  0  0  0  0  0.000000  0.658291   0.000000   
9   5    1           0.000000   0  0  0  0  0  0  0  0.000000  0.669380   0.000000   
10  0    1           0.000000   0  0  0  0  0  0  0  0.000000  1.053214   0.024555   
10  1    1           0.000000   0  0  0  0  0  0  0  0.000000  1.058273   0.000000   
10  6    1           0.000000   0  0  0  0  0  0  0  0.000000  1.111783   0.000000   
10  2    1           0.000000   0  0  0  0  0  0  0  0.000000  1.091342   0.000000   
10  3    1           0.000000   0  0  0  0  0  0  0  0.000000  1.089686   0.000000   
10  7    2           5.746325   33 0  0  0  0  0  0  4.559053  7.142369   0.000000   
10  4    2           9.358245   29 0  0  0  0  0  0  7.314939  11.272478  0.000000   
10  5    2           13.240242  48 0  0  0  0  0  0  10.414296 14.663046  0.000000   
11  0    1           0.000000   0  0  0  0  0  0  0  0.000000  0.995619   0.023327   
11  6    1           0.000000   0  0  0  0  0  0  0  0.000000  1.097371   0.000000   
11  2    2           11.486712  34 0  0  0  0  0  0  8.498653  13.081003  0.000000   
11  4    1           0.000000   0  0  0  0  0  0  0  0.000000  1.077104   0.000000   
11  1    2           11.387325  53 0  0  0  0  0  0  9.155105  12.696626  0.000000   
11  7    1           0.000000   0  0  0  0  0  0  0  0.000000  1.093030   0.000000   
11  3    2           12.005227  36 0  0  0  0  0  0  9.404149  13.417180  0.000000   
11  5    1           0.000000   0  0  0  0  0  0  0  0.000000  1.086184   0.000000   
12  0    2           7.810788   32 0  0  0  0  0  0  6.470301  9.374723   0.022336   
12  6    1           0.000000   0  0  0  0  0  0  0  0.000000  1.088161   0.000000   
12  2    1           0.000000   0  0  0  0  0  0  0  0.000000  1.125446   0.000000   
12  4    2           7.959531   36 0  0  0  0  0  0  6.344600  9.648686   0.000000   
12  1    1           0.000000   0  0  0  0  0  0  0  0.000000  1.052602   0.000000   
12  7    2           9.565683   52 0  0  0  0  0  0  7.570822  10.938561  0.000000   
12  3    1           0.000000   0  0  0  0  0  0  0  0.000000  1.121878   0.000000   
12  5    1           0.000000   0  0  0  0  0  0  0  0.000000  1.127666   0.000000   
13  0    1           0.000000   0  0  0  0  0  0  0  0.000000  0.871362   0.022222   
13  6    1           0.000000   0  0  0  0  0  0  0  0.000000  0.665884   0.000000   
13  2    2           8.947205   31 0  0  0  0  0  0  6.580090  10.637748  0.000000   
13  1    2           13.053843  52 0  0  0  0  0  0  10.784031 14.351774  0.000000   
13  7    1           0.000000   0  0  0  0  0  0  0  0.000000  0.665874   0.000000   
13  3    2           10.050522  34 0  0  0  0  0  0  7.455707  11.359889  0.000000   
13  4    1           0.000000   0  0  0  0  0  0  0  0.000000  0.654311   0.000000   
13  5    1           0.000000   0  0  0  0  0  0  0  0.000000  0.660666   0.000000   
14  6    1           0.000000   0  0  0  0  0  0  0  0.000000  0.666230   0.000000   
14  0    2           6.976955   28 0  0  0  0  0  0  5.711108  8.260320   0.021972   
14  7    1           0.000000   0  0  0  0  0  0  0  0.000000  0.667294   0.000000   
14  2    1           0.000000   0  0  0  0  0  0  0  0.000000  0.643955   0.000000   
14  4    1           0.000000   0  0  0  0  0  0  0  0.000000  0.636904   0.000000   
14  1    1           0.000000   0  0  0  0  0  0  0  0.000000  0.876394   0.000000   
14  3    1           0.000000   0  0  0  0  0  0  0  0.000000  0.643133   0.000000   
14  5    2           6.423275   34 0  0  0  0  0  0  5.080523  7.364166   0.000000   
15  6    2           7.459534   28 0  0  0  0  0  0  5.974170  8.558444   0.000000   
15  7    2           7.886429   30 0  0  0  0  0  0  6.257103  8.844739   0.000000   
15  2    1           0.000000   0  0  0  0  0  0  0  0.000000  0.649277   0.000000   
15  3    1           0.000000   0  0  0  0  0  0  0  0.000000  0.660385   0.000000   
15  0    1           0.000000   0  0  0  0  0  0  0  0.000000  0.760001   0.021344   
15  1    1           0.000000   0  0  0  0  0  0  0  0.000000  0.772287   0.000000   
15  4    2           9.095297   27 0  0  0  0  0  0  7.237346  10.348575  0.000000   
15  5    2           9.179686   27 0  0  0  0  0  0  7.336143  10.423637  0.000000   
16  6    2           6.535129   27 0  0  0  0  0  0  5.155478  7.606575   0.000000   
16  0    1           0.000000   0  0  0  0  0  0  0  0.000000  0.775352   0.021025   
16  1    2           7.562661   38 0  0  0  0  0  0  6.253771  8.680249   0.000000   
16  7    2           6.238032   26 0  0  0  0  0  0  4.921938  7.394301   0.000000   
16  2    2           5.974827   25 0  0  0  0  0  0  4.424386  7.079794   0.000000   
16  3    2           6.455989   27 0  0  0  0  0  0  4.767944  7.429049   0.000000   
16  4    2           4.941833   29 0  0  0  0  0  0  3.903287  5.937043   0.000000   
16  5    1           0.000000   0  0  0  0  0  0  0  0.000000  0.736664   0.000000   
17  0    2           4.582132   23 0  0  0  0  0  0  3.765687  5.605710   0.020482   
17  6    1           0.000000   0  0  0  0  0  0  0  0.000000  0.657936   0.000000   
17  2    1           0.000000   0  0  0  0  0  0  0  0.000000  0.638327   0.000000   
17  1    1           0.000000   0  0  0  0  0  0  0  0.000000  0.711118   0.000000   
17  7    1           0.000000   0  0  0  0  0  0  0  0.000000  0.660508   0.000000   
17  3    2           4.451262   27 0  0  0  0  0  0  3.494542  5.355541   0.000000   
17  4    1           0.000000   0  0  0  0  0  0  0  0.000000  0.634974   0.000000   
17  5    1           0.000000   0  0  0  0  0  0  0  0.000000  0.652535   0.000000   
18  0    1           0.000000   0  0  0  0  0  0  0  0.000000  0.697705   0.020355   
18  6    1           0.000000   0  0  0  0  0  0  0  0.000000  0.653109   0.000000   
18  2    2           4.468202   27 0  0  0  0  0  0  3.516337  5.372438   0.000000   
18  1    2           5.389132   27 0  0  0  0  0  0  4.442218  6.432400   0.000000   
18  7    1           0.000000   0  0  0  0  0  0  0  0.000000  0.659939   0.000000   
18  3    1           0.000000   0  0  0  0  0  0  0  0.000000  0.637864   0.000000   
18  4    1           0.000000   0  0  0  0  0  0  0  0.000000  0.633503   0.000000   
18  5    1           0.000000   0  0  0  0  0  0  0  0.000000  0.652373   0.000000   
19  0    2           3.805436   19 0  0  0  0  0  0  3.121362  4.825486   0.020323   
19  6    1           0.000000   0  0  0  0  0  0  0  0.000000  0.656359   0.000000   
19  1    1           0.000000   0  0  0  0  0  0  0  0.000000  0.710114   0.000000   
19  7    1           0.000000   0  0  0  0  0  0  0  0.000000  0.661129   0.000000   
19  2    1           0.000000   0  0  0  0  0  0  0  0.000000  0.641143   0.000000   
19  4    1           0.000000   0  0  0  0  0  0  0  0.000000  0.638246   0.000000   
19  3    1           0.000000   0  0  0  0  0  0  0  0.000000  0.639885   0.000000   
19  5    2           6.147758   36 0  0  0  0  0  0  4.869273  7.084251   0.000000   
20  6    1           0.000000   0  0  0  0  0  0  0  0.000000  0.655702   0.000000   
20  0    1           0.000000   0  0  0  0  0  0  0  0.000000  0.698074   0.020304   
20  1    2           4.789050   24 0  0  0  0  0  0  3.941461  5.829144   0.000000   
20  7    1           0.000000   0  0  0  0  0  0  0  0.000000  0.659426   0.000000   
20  2    2           4.469254   27 0  0  0  0  0  0  3.515796  5.374568   0.000000   
20  4    1           0.000000   0  0  0  0  0  0  0  0.000000  0.632612   0.000000   
20  3    1           0.000000   0  0  0  0  0  0  0  0.000000  0.637930   0.000000   
20  5    1           0.000000   0  0  0  0  0  0  0  0.000000  0.651705   0.000000   
21  6    1           0.000000   0  0  0  0  0  0  0  0.000000  0.653091   0.000000   
21  4    1           0.000000   0  0  0  0  0  0  0  0.000000  0.638460   0.000000   
21  0    2           4.774821   24 0  0  0  0  0  0  3.925400  5.796869   0.020618   
21  7    1           0.000000   0  0  0  0  0  0  0  0.000000  0.659911   0.000000   
21  2    1           0.000000   0  0  0  0  0  0  0  0.000000  0.639894   0.000000   
21  5    2           4.460392   26 0  0  0  0  0  0  3.526747  5.396386   0.000000   
21  1    1           0.000000   0  0  0  0  0  0  0  0.000000  0.711030   0.000000   
21  3    1           0.000000   0  0  0  0  0  0  0  0.000000  0.640510   0.000000   
22  6    1           0.000000   0  0  0  0  0  0  0  0.000000  0.662869   0.000000   
22  0    1           0.000000   0  0  0  0  0  0  0  0.000000  0.702143   0.020842   
22  1    2           4.788166   24 0  0  0  0  0  0  3.942665  5.827955   0.000000   
22  7    1           0.000000   0  0  0  0  0  0  0  0.000000  0.661941   0.000000   
22  2    2           3.980939   24 0  0  0  0  0  0  3.129636  4.883031   0.000000   
22  3    1           0.000000   0  0  0  0  0  0  0  0.000000  0.637420   0.000000   
22  4    1           0.000000   0  0  0  0  0  0  0  0.000000  0.638788   0.000000   
22  5    1           0.000000   0  0  0  0  0  0  0  0.000000  0.653455   0.000000   
23  6    1           0.000000   0  0  0  0  0  0  0  0.000000  0.659758   0.000000   
23  4    1           0.000000   0  0  0  0  0  0  0  0.000000  0.638643   0.000000   
23  0    2           4.785522   24 0  0  0  0  0  0  3.933939  5.803468   0.020896   
23  7    1           0.000000   0  0  0  0  0  0  0  0.000000  0.659974   0.000000   
23  2    1           0.000000   0  0  0  0  0  0  0  0.000000  0.639563   0.000000   
23  5    2           3.781612   22 0  0  0  0  0  0  2.984760  4.717559   0.000000   
23  1    1           0.000000   0  0  0  0  0  0  0  0.000000  0.711799   0.000000   
23  3    1           0.000000   0  0  0  0  0  0  0  0.000000  0.639899   0.000000   
24  6    1           0.000000   0  0  0  0  0  0  0  0.000000  0.658793   0.000000   
24  0    1           0.000000   0  0  0  0  0  0  0  0.000000  0.702033   0.020841   
24  1    2           4.186161   21 0  0  0  0  0  0  3.439117  5.224693   0.000000   
24  7    1           0.000000   0  0  0  0  0  0  0  0.000000  0.659273   0.000000   
24  2    2           3.978519   24 0  0  0  0  0  0  3.127934  4.882609   0.000000   
24  4    1           0.000000   0  0  0  0  0  0  0  0.000000  0.632441   0.000000   
24  3    1           0.000000   0  0  0  0  0  0  0  0.000000  0.637712   0.000000   
24  5    1           0.000000   0  0  0  0  0  0  0  0.000000  0.651725   0.000000   
25  6    1           0.000000   0  0  0  0  0  0  0  0.000000  0.659531   0.000000   
25  4    1           0.000000   0  0  0  0  0  0  0  0.000000  0.633931   0.000000   
25  0    2           3.796595   19 0  0  0  0  0  0  3.112648  4.822268   0.020044   
25  7    1           0.000000   0  0  0  0  0  0  0  0.000000  0.659674   0.000000   
25  2    1           0.000000   0  0  0  0  0  0  0  0.000000  0.637993   0.000000   
25  5    1           0.000000   0  0  0  0  0  0  0  0.000000  0.652811   0.000000   
25  1    1           0.000000   0  0  0  0  0  0  0  0.000000  0.713029   0.000000   
25  3    2           5.604764   34 0  0  0  0  0  0  4.408512  6.508332   0.000000   
26  0    1           0.000000   0  0  0  0  0  0  0  0.000000  0.697685   0.020192   
26  6    1           0.000000   0  0  0  0  0  0  0  0.000000  0.659477   0.000000   
26  2    2           3.818216   23 0  0  0  0  0  0  3.000736  4.720111   0.000000   
26  1    2           4.775585   24 0  0  0  0  0  0  3.930554  5.815033   0.000000   
26  7    1           0.000000   0  0  0  0  0  0  0  0.000000  0.659498   0.000000   
26  3    1           0.000000   0  0  0  0  0  0  0  0.000000  0.636582   0.000000   
26  4    1           0.000000   0  0  0  0  0  0  0  0.000000  0.639642   0.000000   
26  5    2           3.592300   21 0  0  0  0  0  0  2.832664  4.528826   0.000000   
27  0    3           8.357772   23 19 0  0  0  0  0  6.880926  9.706708   0.020624   
27  6    1           0.000000   0  0  0  0  0  0  0  0.000000  0.660607   0.000000   
27  2    1           0.000000   0  0  0  0  0  0  0  0.000000  0.635894   0.000000   
27  1    1           0.000000   0  0  0  0  0  0  0  0.000000  0.710201   0.000000   
27  7    1           0.000000   0  0  0  0  0  0  0  0.000000  0.660435   0.000000   
27  3    2           5.115046   31 0  0  0  0  0  0  4.024445  6.018972   0.000000   
27  4    1           0.000000   0  0  0  0  0  0  0  0.000000  0.638684   0.000000   
27  5    1           0.000000   0  0  0  0  0  0  0  0.000000  0.654514   0.000000   
28  6    1           0.000000   0  0  0  0  0  0  0  0.000000  0.659069   0.000000   
28  0    1           0.000000   0  0  0  0  0  0  0  0.000000  0.697051   0.020674   
28  1    2           5.363924   27 0  0  0  0  0  0  4.420873  6.403435   0.000000   
28  7    1           0.000000   0  0  0  0  0  0  0  0.000000  0.661143   0.000000   
28  2    2           4.148839   25 0  0  0  0  0  0  3.263122  5.051602   0.000000   
28  4    1           0.000000   0  0  0  0  0  0  0  0.000000  0.643123   0.000000   
28  3    1           0.000000   0  0  0  0  0  0  0  0.000000  0.637003   0.000000   
28  5    2           3.260987   19 0  0  0  0  0  0  2.566473  4.197405   0.000000   
29  6    1           0.000000   0  0  0  0  0  0  0  0.000000  0.661610   0.000000   
29  2    1           0.000000   0  0  0  0  0  0  0  0.000000  0.639793   0.000000   
29  0    2           4.368737   22 0  0  0  0  0  0  3.585522  5.391223   0.020678   
29  7    1           0.000000   0  0  0  0  0  0  0  0.000000  0.660994   0.000000   
29  3    1           0.000000   0  0  0  0  0  0  0  0.000000  0.640392   0.000000   
29  4    1           0.000000   0  0  0  0  0  0  0  0.000000  0.637323   0.000000   
29  1    1           0.000000   0  0  0  0  0  0  0  0.000000  0.708760   0.000000   
29  5    1           0.000000   0  0  0  0  0  0  0  0.000000  0.652777   0.000000   
30  6    1           0.000000   0  0  0  0  0  0  0  0.000000  0.661430   0.000000   
30  7    1           0.000000   0  0  0  0  0  0  0  0.000000  0.661273   0.000000   
30  0    1           0.000000   0  0  0  0  0  0  0  0.000000  0.697519   0.020883   
30  1    2           4.786278   24 0  0  0  0  0  0  3.941745  5.825721   0.000000   
Total train time is 30  2    2           6.251541   26 0  0  0  0  0  0  4.687636  7.296304   0.000000   
30  4    1           0.000000   0  0  0  0  0  0  0  0.000000  0.648655   0.000000   
total time is: 433.152

437.285 second.30  3    2           6.447081   27 0  0  0  0  0  0  4.845046  7.428611   0.000000   
30  5    2           4.112309   24 0  0  0  0  0  0  3.244126  5.042725   0.000000   

