dim=3231961
procnum=16,synchronize!!!
#   RANK TRONIter-k  CG-time    HvIter-k             Hv-time   Update-time ObjectValue 
1   0    8           19.633499  5  10 13 14 17 25 48 13.796344 21.675938  0.045366   
1   14   8           20.086846  5  10 14 14 18 27 50 13.745848 21.999794  0.000000   
1   10   8           22.148866  5  10 13 14 17 27 50 15.192618 24.398301  0.000000   
1   1    8           19.570510  5  10 13 14 17 27 46 13.807841 21.644587  0.000000   
1   15   8           19.504542  5  10 13 14 17 27 47 13.292960 21.559363  0.000000   
1   8    8           21.299040  5  10 13 14 17 25 46 14.438709 23.484879  0.000000   
1   4    8           22.562454  5  11 9  16 19 35 44 15.390106 24.668117  0.000000   
1   11   8           22.161669  5  10 13 15 17 27 48 15.218426 24.345080  0.000000   
1   6    8           22.245926  5  10 13 15 17 27 50 15.120839 24.315864  0.000000   
1   2    8           21.448309  5  10 12 14 17 28 48 15.013593 23.594082  0.000000   
1   12   8           20.637814  5  10 14 13 17 26 45 14.752008 22.790357  0.000000   
1   7    8           21.770292  5  10 13 14 17 27 47 14.786297 23.951430  0.000000   
1   3    8           21.756793  5  10 12 14 17 27 52 15.205606 23.884620  0.000000   
1   9    8           21.829768  5  10 13 14 17 27 49 14.835078 23.963648  0.000000   
1   5    8           21.829104  5  10 13 15 17 26 48 14.940942 24.050791  0.000000   
1   13   8           21.615424  5  10 14 13 18 27 52 15.402207 23.680226  0.000000   
2   14   2           7.863199   53 0  0  0  0  0  0  4.591690  8.441330   0.000000   
2   8    2           8.336002   52 0  0  0  0  0  0  5.662528  8.987727   0.000000   
2   10   3           13.138059  51 45 0  0  0  0  0  8.902894  13.953665  0.000000   
2   6    2           8.150559   51 0  0  0  0  0  0  5.582809  8.790757   0.000000   
2   0    2           7.836626   53 0  0  0  0  0  0  5.426994  8.460682   0.037489   
2   2    2           8.090354   51 0  0  0  0  0  0  5.423319  8.737224   0.000000   
2   15   3           12.316166  51 47 0  0  0  0  0  7.570607  13.048554  0.000000   
2   4    3           13.553334  51 49 0  0  0  0  0  9.059181  14.339695  0.000000   
2   11   2           8.572024   53 0  0  0  0  0  0  5.799021  9.224056   0.000000   
2   7    3           13.311443  53 45 0  0  0  0  0  9.062683  14.014913  0.000000   
2   1    3           13.048247  51 49 0  0  0  0  0  9.278779  13.850558  0.000000   
2   3    2           8.310852   52 0  0  0  0  0  0  5.542099  8.868279   0.000000   
2   9    3           13.232505  52 45 0  0  0  0  0  8.957948  14.019561  0.000000   
2   5    2           8.225567   51 0  0  0  0  0  0  5.483521  8.875006   0.000000   
2   12   3           15.887669  51 49 0  0  0  0  0  11.090286 16.811276  0.000000   
2   13   3           15.957453  52 49 0  0  0  0  0  11.164261 16.832545  0.000000   
3   14   2           5.120666   53 0  0  0  0  0  0  3.426819  5.632406   0.000000   
3   12   1           0.000000   0  0  0  0  0  0  0  0.000000  0.391595   0.000000   
3   15   1           0.000000   0  0  0  0  0  0  0  0.000000  0.355438   0.000000   
3   10   1           0.000000   0  0  0  0  0  0  0  0.000000  0.382378   0.000000   
3   13   1           0.000000   0  0  0  0  0  0  0  0.000000  0.387323   0.000000   
3   6    2           5.396476   51 0  0  0  0  0  0  3.626673  5.935065   0.000000   
3   7    1           0.000000   0  0  0  0  0  0  0  0.000000  0.380148   0.000000   
3   0    2           5.753513   53 0  0  0  0  0  0  4.250678  6.325412   0.035358   
3   1    1           0.000000   0  0  0  0  0  0  0  0.000000  0.398684   0.000000   
3   2    2           8.130851   51 0  0  0  0  0  0  5.311643  8.771201   0.000000   
3   8    2           5.426422   51 0  0  0  0  0  0  3.644081  5.970218   0.000000   
3   3    2           8.475441   53 0  0  0  0  0  0  5.511580  9.008690   0.000000   
3   9    1           0.000000   0  0  0  0  0  0  0  0.000000  0.383615   0.000000   
3   4    1           0.000000   0  0  0  0  0  0  0  0.000000  0.386458   0.000000   
3   11   2           5.632488   52 0  0  0  0  0  0  3.803606  6.180678   0.000000   
3   5    2           5.757027   53 0  0  0  0  0  0  3.883714  6.305656   0.000000   
4   14   1           0.000000   0  0  0  0  0  0  0  0.000000  0.355147   0.000000   
4   12   2           7.661799   47 0  0  0  0  0  0  5.362880  8.418246   0.000000   
4   0    1           0.000000   0  0  0  0  0  0  0  0.000000  0.397396   0.032600   
4   15   2           4.382302   44 0  0  0  0  0  0  2.960279  4.895919   0.000000   
4   4    2           5.569774   52 0  0  0  0  0  0  3.753848  6.120492   0.000000   
4   10   2           5.125206   48 0  0  0  0  0  0  3.446161  5.672774   0.000000   
4   13   2           8.074510   50 0  0  0  0  0  0  5.677292  8.692014   0.000000   
4   6    1           0.000000   0  0  0  0  0  0  0  0.000000  0.378162   0.000000   
4   1    2           5.316892   48 0  0  0  0  0  0  3.928012  5.894524   0.000000   
4   8    1           0.000000   0  0  0  0  0  0  0  0.000000  0.380935   0.000000   
4   11   1           0.000000   0  0  0  0  0  0  0  0.000000  0.385904   0.000000   
4   7    2           5.374551   50 0  0  0  0  0  0  3.628889  5.915850   0.000000   
4   2    1           0.000000   0  0  0  0  0  0  0  0.000000  0.377412   0.000000   
4   9    2           5.271570   49 0  0  0  0  0  0  3.550307  5.817921   0.000000   
4   5    1           0.000000   0  0  0  0  0  0  0  0.000000  0.384916   0.000000   
4   3    1           0.000000   0  0  0  0  0  0  0  0.000000  0.377570   0.000000   
5   14   1           0.000000   0  0  0  0  0  0  0  0.000000  0.358201   0.000000   
5   12   1           0.000000   0  0  0  0  0  0  0  0.000000  0.390118   0.000000   
5   6    1           0.000000   0  0  0  0  0  0  0  0.000000  0.383273   0.000000   
5   0    1           0.000000   0  0  0  0  0  0  0  0.000000  0.396356   0.032602   
5   15   1           0.000000   0  0  0  0  0  0  0  0.000000  0.357409   0.000000   
5   13   1           0.000000   0  0  0  0  0  0  0  0.000000  0.387826   0.000000   
5   7    1           0.000000   0  0  0  0  0  0  0  0.000000  0.383462   0.000000   
5   1    1           0.000000   0  0  0  0  0  0  0  0.000000  0.404169   0.000000   
5   8    1           0.000000   0  0  0  0  0  0  0  0.000000  0.384913   0.000000   
5   2    1           0.000000   0  0  0  0  0  0  0  0.000000  0.379239   0.000000   
5   10   1           0.000000   0  0  0  0  0  0  0  0.000000  0.385728   0.000000   
5   3    1           0.000000   0  0  0  0  0  0  0  0.000000  0.378546   0.000000   
5   4    1           0.000000   0  0  0  0  0  0  0  0.000000  0.389331   0.000000   
5   9    1           0.000000   0  0  0  0  0  0  0  0.000000  0.386612   0.000000   
5   11   1           0.000000   0  0  0  0  0  0  0  0.000000  0.388620   0.000000   
5   5    1           0.000000   0  0  0  0  0  0  0  0.000000  0.386894   0.000000   
6   14   2           3.028413   31 0  0  0  0  0  0  2.024247  3.540629   0.000000   
6   12   1           0.000000   0  0  0  0  0  0  0  0.000000  0.387195   0.000000   
6   0    2           3.285688   30 0  0  0  0  0  0  2.409631  3.852358   0.030719   
6   15   1           0.000000   0  0  0  0  0  0  0  0.000000  0.354966   0.000000   
6   8    2           3.421545   32 0  0  0  0  0  0  2.289980  3.965732   0.000000   
6   4    1           0.000000   0  0  0  0  0  0  0  0.000000  0.386282   0.000000   
6   10   1           0.000000   0  0  0  0  0  0  0  0.000000  0.382597   0.000000   
6   13   1           0.000000   0  0  0  0  0  0  0  0.000000  0.384883   0.000000   
6   6    2           3.306513   31 0  0  0  0  0  0  2.214743  3.844365   0.000000   
6   1    1           0.000000   0  0  0  0  0  0  0  0.000000  0.396814   0.000000   
6   9    1           0.000000   0  0  0  0  0  0  0  0.000000  0.382938   0.000000   
6   5    2           3.267826   30 0  0  0  0  0  0  2.190929  3.817364   0.000000   
6   11   2           3.704322   34 0  0  0  0  0  0  2.483389  4.252611   0.000000   
6   7    1           0.000000   0  0  0  0  0  0  0  0.000000  0.380459   0.000000   
6   2    2           5.052815   31 0  0  0  0  0  0  3.063847  5.666443   0.000000   
6   3    2           4.993944   31 0  0  0  0  0  0  3.043823  5.635723   0.000000   
7   14   1           0.000000   0  0  0  0  0  0  0  0.000000  0.357427   0.000000   
7   10   2           3.309784   31 0  0  0  0  0  0  2.213938  3.855140   0.000000   
7   6    1           0.000000   0  0  0  0  0  0  0  0.000000  0.378014   0.000000   
7   0    1           0.000000   0  0  0  0  0  0  0  0.000000  0.392464   0.029796   
7   15   1           0.000000   0  0  0  0  0  0  0  0.000000  0.354878   0.000000   
7   4    2           3.334004   31 0  0  0  0  0  0  2.237882  3.885753   0.000000   
7   11   1           0.000000   0  0  0  0  0  0  0  0.000000  0.384468   0.000000   
7   12   2           5.375433   34 0  0  0  0  0  0  3.701678  5.934204   0.000000   
7   7    2           3.346063   31 0  0  0  0  0  0  2.247847  3.887277   0.000000   
7   1    2           3.141713   28 0  0  0  0  0  0  2.307433  3.722512   0.000000   
7   2    1           0.000000   0  0  0  0  0  0  0  0.000000  0.378636   0.000000   
7   8    1           0.000000   0  0  0  0  0  0  0  0.000000  0.383069   0.000000   
7   13   2           4.910793   31 0  0  0  0  0  0  3.389729  5.553327   0.000000   
7   3    1           0.000000   0  0  0  0  0  0  0  0.000000  0.378000   0.000000   
7   9    2           3.261944   30 0  0  0  0  0  0  2.182705  3.809855   0.000000   
7   5    1           0.000000   0  0  0  0  0  0  0  0.000000  0.386236   0.000000   
8   12   1           0.000000   0  0  0  0  0  0  0  0.000000  0.386943   0.000000   
8   0    1           0.000000   0  0  0  0  0  0  0  0.000000  0.395472   0.029544   
8   14   1           0.000000   0  0  0  0  0  0  0  0.000000  0.354431   0.000000   
8   8    1           0.000000   0  0  0  0  0  0  0  0.000000  0.383770   0.000000   
8   4    1           0.000000   0  0  0  0  0  0  0  0.000000  0.389621   0.000000   
8   13   1           0.000000   0  0  0  0  0  0  0  0.000000  0.380262   0.000000   
8   1    1           0.000000   0  0  0  0  0  0  0  0.000000  0.402163   0.000000   
8   15   2           2.789950   28 0  0  0  0  0  0  1.875602  3.300864   0.000000   
8   9    1           0.000000   0  0  0  0  0  0  0  0.000000  0.387454   0.000000   
8   6    1           0.000000   0  0  0  0  0  0  0  0.000000  0.383224   0.000000   
8   5    1           0.000000   0  0  0  0  0  0  0  0.000000  0.387781   0.000000   
8   7    1           0.000000   0  0  0  0  0  0  0  0.000000  0.383483   0.000000   
8   10   1           0.000000   0  0  0  0  0  0  0  0.000000  0.385646   0.000000   
8   2    1           0.000000   0  0  0  0  0  0  0  0.000000  0.377980   0.000000   
8   11   1           0.000000   0  0  0  0  0  0  0  0.000000  0.388624   0.000000   
8   3    1           0.000000   0  0  0  0  0  0  0  0.000000  0.377408   0.000000   
9   14   1           0.000000   0  0  0  0  0  0  0  0.000000  0.355727   0.000000   
9   8    1           0.000000   0  0  0  0  0  0  0  0.000000  0.385449   0.000000   
9   4    1           0.000000   0  0  0  0  0  0  0  0.000000  0.390123   0.000000   
9   12   1           0.000000   0  0  0  0  0  0  0  0.000000  0.411692   0.000000   
9   6    1           0.000000   0  0  0  0  0  0  0  0.000000  0.382647   0.000000   
9   0    1           0.000000   0  0  0  0  0  0  0  0.000000  0.398190   0.029635   
9   15   2           4.638626   47 0  0  0  0  0  0  3.121218  5.151797   0.000000   
9   9    1           0.000000   0  0  0  0  0  0  0  0.000000  0.387364   0.000000   
9   13   1           0.000000   0  0  0  0  0  0  0  0.000000  0.407210   0.000000   
9   7    1           0.000000   0  0  0  0  0  0  0  0.000000  0.383540   0.000000   
9   1    1           0.000000   0  0  0  0  0  0  0  0.000000  0.403155   0.000000   
9   2    1           0.000000   0  0  0  0  0  0  0  0.000000  0.379248   0.000000   
9   5    1           0.000000   0  0  0  0  0  0  0  0.000000  0.389696   0.000000   
9   3    1           0.000000   0  0  0  0  0  0  0  0.000000  0.378755   0.000000   
9   10   1           0.000000   0  0  0  0  0  0  0  0.000000  0.384969   0.000000   
9   11   1           0.000000   0  0  0  0  0  0  0  0.000000  0.387832   0.000000   
10  0    2           5.136977   47 0  0  0  0  0  0  3.790657  5.707770   0.028459   
10  14   2           4.456922   46 0  0  0  0  0  0  2.985008  4.970835   0.000000   
10  8    2           5.199081   49 0  0  0  0  0  0  3.488082  5.744915   0.000000   
10  4    1           0.000000   0  0  0  0  0  0  0  0.000000  0.385090   0.000000   
10  10   1           0.000000   0  0  0  0  0  0  0  0.000000  0.383509   0.000000   
10  12   1           0.000000   0  0  0  0  0  0  0  0.000000  0.384196   0.000000   
10  6    2           5.202777   49 0  0  0  0  0  0  3.499125  5.742178   0.000000   
10  1    1           0.000000   0  0  0  0  0  0  0  0.000000  0.398265   0.000000   
10  2    2           7.960369   49 0  0  0  0  0  0  4.707354  8.583147   0.000000   
10  15   1           0.000000   0  0  0  0  0  0  0  0.000000  0.355404   0.000000   
10  9    1           0.000000   0  0  0  0  0  0  0  0.000000  0.384727   0.000000   
10  11   2           5.527744   51 0  0  0  0  0  0  3.718856  6.076924   0.000000   
10  13   1           0.000000   0  0  0  0  0  0  0  0.000000  0.373149   0.000000   
10  7    1           0.000000   0  0  0  0  0  0  0  0.000000  0.380475   0.000000   
10  3    2           8.236807   51 0  0  0  0  0  0  4.880548  8.770602   0.000000   
10  5    2           5.291861   49 0  0  0  0  0  0  3.559965  5.841989   0.000000   
11  10   2           4.568142   43 0  0  0  0  0  0  3.066098  5.115919   0.000000   
11  0    1           0.000000   0  0  0  0  0  0  0  0.000000  0.395801   0.027413   
11  14   1           0.000000   0  0  0  0  0  0  0  0.000000  0.359225   0.000000   
11  8    1           0.000000   0  0  0  0  0  0  0  0.000000  0.380612   0.000000   
11  6    1           0.000000   0  0  0  0  0  0  0  0.000000  0.377921   0.000000   
11  1    2           3.598392   32 0  0  0  0  0  0  2.647456  4.179996   0.000000   
11  15   1           0.000000   0  0  0  0  0  0  0  0.000000  0.357638   0.000000   
11  9    2           3.363802   31 0  0  0  0  0  0  2.251156  3.910445   0.000000   
11  11   1           0.000000   0  0  0  0  0  0  0  0.000000  0.385663   0.000000   
11  12   2           5.411186   34 0  0  0  0  0  0  3.872850  6.030541   0.000000   
11  7    2           4.539168   42 0  0  0  0  0  0  3.050998  5.080819   0.000000   
11  2    1           0.000000   0  0  0  0  0  0  0  0.000000  0.378918   0.000000   
11  13   2           5.325760   34 0  0  0  0  0  0  3.819041  5.960011   0.000000   
11  3    1           0.000000   0  0  0  0  0  0  0  0.000000  0.377267   0.000000   
11  4    2           4.817518   29 0  0  0  0  0  0  2.794331  5.447655   0.000000   
11  5    2           5.104797   31 0  0  0  0  0  0  2.995478  5.654297   0.000000   
12  14   2           3.008701   31 0  0  0  0  0  0  2.006149  3.522798   0.000000   
12  10   1           0.000000   0  0  0  0  0  0  0  0.000000  0.384947   0.000000   
12  6    2           3.195791   30 0  0  0  0  0  0  2.138593  3.734630   0.000000   
12  0    2           3.083000   28 0  0  0  0  0  0  2.261697  3.655490   0.026848   
12  2    2           5.590070   35 0  0  0  0  0  0  3.412412  6.124124   0.000000   
12  15   1           0.000000   0  0  0  0  0  0  0  0.000000  0.356973   0.000000   
12  4    1           0.000000   0  0  0  0  0  0  0  0.000000  0.388521   0.000000   
12  11   2           3.357054   31 0  0  0  0  0  0  2.251417  3.906906   0.000000   
12  12   1           0.000000   0  0  0  0  0  0  0  0.000000  0.387022   0.000000   
12  7    1           0.000000   0  0  0  0  0  0  0  0.000000  0.380463   0.000000   
12  1    1           0.000000   0  0  0  0  0  0  0  0.000000  0.398596   0.000000   
12  3    2           5.148357   32 0  0  0  0  0  0  3.126964  5.786475   0.000000   
12  8    2           3.097596   29 0  0  0  0  0  0  2.069714  3.644672   0.000000   
12  13   1           0.000000   0  0  0  0  0  0  0  0.000000  0.376559   0.000000   
12  9    1           0.000000   0  0  0  0  0  0  0  0.000000  0.384856   0.000000   
12  5    1           0.000000   0  0  0  0  0  0  0  0.000000  0.389876   0.000000   
13  14   1           0.000000   0  0  0  0  0  0  0  0.000000  0.354959   0.000000   
13  8    1           0.000000   0  0  0  0  0  0  0  0.000000  0.381901   0.000000   
13  10   2           2.680675   25 0  0  0  0  0  0  1.790246  3.226911   0.000000   
13  12   2           4.244764   27 0  0  0  0  0  0  2.941925  4.888390   0.000000   
13  6    1           0.000000   0  0  0  0  0  0  0  0.000000  0.379040   0.000000   
13  0    1           0.000000   0  0  0  0  0  0  0  0.000000  0.390866   0.026141   
13  15   2           2.309935   23 0  0  0  0  0  0  1.540169  2.821690   0.000000   
13  9    2           2.720719   25 0  0  0  0  0  0  1.814020  3.267995   0.000000   
13  4    2           2.684343   25 0  0  0  0  0  0  1.793692  3.233761   0.000000   
13  11   1           0.000000   0  0  0  0  0  0  0  0.000000  0.384988   0.000000   
13  13   2           4.485481   29 0  0  0  0  0  0  3.126379  5.042149   0.000000   
13  7    2           2.701714   25 0  0  0  0  0  0  1.807280  3.243890   0.000000   
13  1    2           2.926379   26 0  0  0  0  0  0  2.147706  3.509225   0.000000   
13  2    1           0.000000   0  0  0  0  0  0  0  0.000000  0.378982   0.000000   
13  5    1           0.000000   0  0  0  0  0  0  0  0.000000  0.385472   0.000000   
13  3    1           0.000000   0  0  0  0  0  0  0  0.000000  0.376919   0.000000   
14  14   1           0.000000   0  0  0  0  0  0  0  0.000000  0.359205   0.000000   
14  4    1           0.000000   0  0  0  0  0  0  0  0.000000  0.386016   0.000000   
14  10   1           0.000000   0  0  0  0  0  0  0  0.000000  0.388432   0.000000   
14  12   1           0.000000   0  0  0  0  0  0  0  0.000000  0.456611   0.000000   
14  6    1           0.000000   0  0  0  0  0  0  0  0.000000  0.383082   0.000000   
14  0    2           2.656528   24 0  0  0  0  0  0  1.941174  3.231915   0.025864   
14  15   1           0.000000   0  0  0  0  0  0  0  0.000000  0.357988   0.000000   
14  11   1           0.000000   0  0  0  0  0  0  0  0.000000  0.388547   0.000000   
14  13   1           0.000000   0  0  0  0  0  0  0  0.000000  0.451954   0.000000   
14  7    1           0.000000   0  0  0  0  0  0  0  0.000000  0.383896   0.000000   
14  1    1           0.000000   0  0  0  0  0  0  0  0.000000  0.400123   0.000000   
14  8    1           0.000000   0  0  0  0  0  0  0  0.000000  0.383768   0.000000   
14  2    1           0.000000   0  0  0  0  0  0  0  0.000000  0.378917   0.000000   
14  3    1           0.000000   0  0  0  0  0  0  0  0.000000  0.377584   0.000000   
14  9    1           0.000000   0  0  0  0  0  0  0  0.000000  0.387349   0.000000   
14  5    2           2.617475   24 0  0  0  0  0  0  1.747871  3.168945   0.000000   
15  0    1           0.000000   0  0  0  0  0  0  0  0.000000  0.395641   0.024959   
15  14   2           3.433178   23 0  0  0  0  0  0  2.036768  3.970817   0.000000   
15  8    2           3.723832   23 0  0  0  0  0  0  2.396613  4.373105   0.000000   
15  6    2           3.705951   23 0  0  0  0  0  0  2.444533  4.356390   0.000000   
15  1    2           2.717676   24 0  0  0  0  0  0  1.989799  3.297112   0.000000   
15  15   2           3.251428   22 0  0  0  0  0  0  1.946383  3.852633   0.000000   
15  9    2           4.703289   31 0  0  0  0  0  0  3.039674  5.251279   0.000000   
15  12   2           3.894113   24 0  0  0  0  0  0  2.671898  4.505965   0.000000   
15  7    2           3.930261   24 0  0  0  0  0  0  2.571503  4.494353   0.000000   
15  2    2           3.756232   23 0  0  0  0  0  0  2.155663  4.396759   0.000000   
15  10   2           3.881001   24 0  0  0  0  0  0  2.558060  4.540126   0.000000   
15  13   2           3.815350   24 0  0  0  0  0  0  2.620825  4.454918   0.000000   
15  3    2           3.923881   24 0  0  0  0  0  0  2.243238  4.500798   0.000000   
15  4    2           2.903351   27 0  0  0  0  0  0  1.943439  3.451538   0.000000   
15  11   2           4.104089   25 0  0  0  0  0  0  2.684490  4.677963   0.000000   
15  5    1           0.000000   0  0  0  0  0  0  0  0.000000  0.385415   0.000000   
16  14   1           0.000000   0  0  0  0  0  0  0  0.000000  0.354381   0.000000   
16  12   1           0.000000   0  0  0  0  0  0  0  0.000000  0.383163   0.000000   
16  6    1           0.000000   0  0  0  0  0  0  0  0.000000  0.382857   0.000000   
16  15   2           2.188779   22 0  0  0  0  0  0  1.461488  2.699828   0.000000   
16  13   1           0.000000   0  0  0  0  0  0  0  0.000000  0.377543   0.000000   
16  7    1           0.000000   0  0  0  0  0  0  0  0.000000  0.383614   0.000000   
16  0    1           0.000000   0  0  0  0  0  0  0  0.000000  0.400614   0.024869   
16  1    1           0.000000   0  0  0  0  0  0  0  0.000000  0.403962   0.000000   
16  8    1           0.000000   0  0  0  0  0  0  0  0.000000  0.384457   0.000000   
16  10   1           0.000000   0  0  0  0  0  0  0  0.000000  0.385510   0.000000   
16  2    1           0.000000   0  0  0  0  0  0  0  0.000000  0.379198   0.000000   
16  4    1           0.000000   0  0  0  0  0  0  0  0.000000  0.386181   0.000000   
16  3    1           0.000000   0  0  0  0  0  0  0  0.000000  0.378561   0.000000   
16  5    2           2.615837   24 0  0  0  0  0  0  1.752786  3.165972   0.000000   
16  9    1           0.000000   0  0  0  0  0  0  0  0.000000  0.387505   0.000000   
16  11   1           0.000000   0  0  0  0  0  0  0  0.000000  0.388213   0.000000   
17  0    2           2.548688   23 0  0  0  0  0  0  1.863360  3.118785   0.024522   
17  14   2           2.251104   23 0  0  0  0  0  0  1.497411  2.765632   0.000000   
17  10   1           0.000000   0  0  0  0  0  0  0  0.000000  0.383785   0.000000   
17  6    2           2.467277   23 0  0  0  0  0  0  1.646711  3.004761   0.000000   
17  1    1           0.000000   0  0  0  0  0  0  0  0.000000  0.398894   0.000000   
17  15   1           0.000000   0  0  0  0  0  0  0  0.000000  0.355589   0.000000   
17  11   2           2.520455   23 0  0  0  0  0  0  1.680851  3.070284   0.000000   
17  12   2           2.604049   24 0  0  0  0  0  0  1.786960  3.159429   0.000000   
17  8    2           2.464454   23 0  0  0  0  0  0  1.641741  3.010140   0.000000   
17  13   1           0.000000   0  0  0  0  0  0  0  0.000000  0.370799   0.000000   
17  7    1           0.000000   0  0  0  0  0  0  0  0.000000  0.381339   0.000000   
17  2    2           3.422409   21 0  0  0  0  0  0  1.989874  4.048047   0.000000   
17  4    1           0.000000   0  0  0  0  0  0  0  0.000000  0.388427   0.000000   
17  3    2           3.733006   23 0  0  0  0  0  0  2.185843  4.268150   0.000000   
17  9    1           0.000000   0  0  0  0  0  0  0  0.000000  0.383872   0.000000   
17  5    1           0.000000   0  0  0  0  0  0  0  0.000000  0.388579   0.000000   
18  14   1           0.000000   0  0  0  0  0  0  0  0.000000  0.357043   0.000000   
18  8    1           0.000000   0  0  0  0  0  0  0  0.000000  0.380964   0.000000   
18  10   2           2.472101   23 0  0  0  0  0  0  1.649241  3.016924   0.000000   
18  12   1           0.000000   0  0  0  0  0  0  0  0.000000  0.385658   0.000000   
18  0    1           0.000000   0  0  0  0  0  0  0  0.000000  0.392180   0.024049   
18  15   1           0.000000   0  0  0  0  0  0  0  0.000000  0.353802   0.000000   
18  9    2           2.616328   24 0  0  0  0  0  0  1.744409  3.163057   0.000000   
18  4    2           2.584515   24 0  0  0  0  0  0  1.727631  3.134552   0.000000   
18  11   1           0.000000   0  0  0  0  0  0  0  0.000000  0.384492   0.000000   
18  13   2           2.647896   24 0  0  0  0  0  0  1.814929  3.189504   0.000000   
18  1    2           2.574405   23 0  0  0  0  0  0  1.882622  3.155516   0.000000   
18  2    1           0.000000   0  0  0  0  0  0  0  0.000000  0.378614   0.000000   
18  6    1           0.000000   0  0  0  0  0  0  0  0.000000  0.378694   0.000000   
18  3    1           0.000000   0  0  0  0  0  0  0  0.000000  0.376933   0.000000   
18  7    2           2.592734   24 0  0  0  0  0  0  1.733412  3.134090   0.000000   
18  5    1           0.000000   0  0  0  0  0  0  0  0.000000  0.385763   0.000000   
19  14   2           2.153544   22 0  0  0  0  0  0  1.433390  2.668372   0.000000   
19  15   1           0.000000   0  0  0  0  0  0  0  0.000000  0.355038   0.000000   
19  10   1           0.000000   0  0  0  0  0  0  0  0.000000  0.383295   0.000000   
19  12   1           0.000000   0  0  0  0  0  0  0  0.000000  0.382913   0.000000   
19  8    2           2.363280   22 0  0  0  0  0  0  1.572924  2.909567   0.000000   
19  11   2           2.402659   22 0  0  0  0  0  0  1.605561  2.952063   0.000000   
19  13   1           0.000000   0  0  0  0  0  0  0  0.000000  0.374933   0.000000   
19  6    2           2.458355   23 0  0  0  0  0  0  1.638621  2.997720   0.000000   
19  0    2           2.549139   23 0  0  0  0  0  0  1.863906  3.123071   0.023523   
19  2    2           3.244998   20 0  0  0  0  0  0  1.901247  3.879381   0.000000   
19  4    1           0.000000   0  0  0  0  0  0  0  0.000000  0.384957   0.000000   
19  7    1           0.000000   0  0  0  0  0  0  0  0.000000  0.380317   0.000000   
19  3    2           3.274574   20 0  0  0  0  0  0  1.894786  3.891020   0.000000   
19  9    1           0.000000   0  0  0  0  0  0  0  0.000000  0.383959   0.000000   
19  5    2           2.278278   21 0  0  0  0  0  0  1.517425  2.827466   0.000000   
19  1    1           0.000000   0  0  0  0  0  0  0  0.000000  0.398117   0.000000   
20  0    1           0.000000   0  0  0  0  0  0  0  0.000000  0.395482   0.023280   
20  6    1           0.000000   0  0  0  0  0  0  0  0.000000  0.378428   0.000000   
20  1    2           2.497859   22 0  0  0  0  0  0  1.823808  3.075211   0.000000   
20  14   1           0.000000   0  0  0  0  0  0  0  0.000000  0.358052   0.000000   
20  8    1           0.000000   0  0  0  0  0  0  0  0.000000  0.380496   0.000000   
20  10   2           2.469137   23 0  0  0  0  0  0  1.648479  3.014274   0.000000   
20  12   2           3.273298   20 0  0  0  0  0  0  2.115450  3.908793   0.000000   
20  2    1           0.000000   0  0  0  0  0  0  0  0.000000  0.378981   0.000000   
20  15   1           0.000000   0  0  0  0  0  0  0  0.000000  0.356036   0.000000   
20  9    2           2.509628   23 0  0  0  0  0  0  1.671664  3.057032   0.000000   
20  4    2           3.658841   22 0  0  0  0  0  0  2.090544  4.305194   0.000000   
20  11   1           0.000000   0  0  0  0  0  0  0  0.000000  0.384744   0.000000   
20  13   2           3.674322   23 0  0  0  0  0  0  2.417657  4.221437   0.000000   
20  7    2           2.504135   23 0  0  0  0  0  0  1.668878  3.045878   0.000000   
20  3    1           0.000000   0  0  0  0  0  0  0  0.000000  0.377730   0.000000   
20  5    2           3.820256   23 0  0  0  0  0  0  2.182561  4.411433   0.000000   
21  14   2           1.862217   19 0  0  0  0  0  0  1.236179  2.374213   0.000000   
21  12   1           0.000000   0  0  0  0  0  0  0  0.000000  0.389059   0.000000   
21  6    2           2.044128   19 0  0  0  0  0  0  1.360071  2.583346   0.000000   
21  0    2           2.538929   23 0  0  0  0  0  0  1.853219  3.113582   0.022843   
21  2    2           3.605585   23 0  0  0  0  0  0  2.160103  4.139724   0.000000   
21  15   1           0.000000   0  0  0  0  0  0  0  0.000000  0.353374   0.000000   
21  8    2           2.258057   21 0  0  0  0  0  0  1.502141  2.803985   0.000000   
21  10   1           0.000000   0  0  0  0  0  0  0  0.000000  0.381323   0.000000   
21  13   1           0.000000   0  0  0  0  0  0  0  0.000000  0.382342   0.000000   
21  7    1           0.000000   0  0  0  0  0  0  0  0.000000  0.380869   0.000000   
21  1    1           0.000000   0  0  0  0  0  0  0  0.000000  0.399271   0.000000   
21  3    2           3.111781   19 0  0  0  0  0  0  1.801926  3.728180   0.000000   
21  9    1           0.000000   0  0  0  0  0  0  0  0.000000  0.384370   0.000000   
21  11   2           2.289648   21 0  0  0  0  0  0  1.527435  2.838560   0.000000   
21  4    1           0.000000   0  0  0  0  0  0  0  0.000000  0.391142   0.000000   
21  5    1           0.000000   0  0  0  0  0  0  0  0.000000  0.390769   0.000000   
22  14   1           0.000000   0  0  0  0  0  0  0  0.000000  0.357864   0.000000   
22  8    1           0.000000   0  0  0  0  0  0  0  0.000000  0.382124   0.000000   
22  10   2           2.470467   23 0  0  0  0  0  0  1.648851  3.017985   0.000000   
22  12   2           3.174737   19 0  0  0  0  0  0  2.000942  3.798384   0.000000   
22  0    2           3.377229   23 0  0  0  0  0  0  2.398878  3.953422   0.022484   
22  15   2           2.379614   24 0  0  0  0  0  0  1.588326  2.894670   0.000000   
22  4    2           2.476379   23 0  0  0  0  0  0  1.654788  3.024688   0.000000   
22  11   1           0.000000   0  0  0  0  0  0  0  0.000000  0.386726   0.000000   
22  13   2           3.560239   22 0  0  0  0  0  0  2.306171  4.110876   0.000000   
22  1    2           3.108445   21 0  0  0  0  0  0  2.193018  3.737592   0.000000   
22  9    2           2.507555   23 0  0  0  0  0  0  1.669709  3.055037   0.000000   
22  6    1           0.000000   0  0  0  0  0  0  0  0.000000  0.377600   0.000000   
22  2    1           0.000000   0  0  0  0  0  0  0  0.000000  0.380200   0.000000   
22  5    1           0.000000   0  0  0  0  0  0  0  0.000000  0.385492   0.000000   
22  7    2           2.497000   23 0  0  0  0  0  0  1.670806  3.038982   0.000000   
22  3    1           0.000000   0  0  0  0  0  0  0  0.000000  0.379100   0.000000   
23  0    1           0.000000   0  0  0  0  0  0  0  0.000000  0.403441   0.022232   
23  14   2           1.865653   19 0  0  0  0  0  0  1.237411  2.378655   0.000000   
23  6    2           2.146597   20 0  0  0  0  0  0  1.429400  2.688328   0.000000   
23  1    1           0.000000   0  0  0  0  0  0  0  0.000000  0.404657   0.000000   
23  15   1           0.000000   0  0  0  0  0  0  0  0.000000  0.354970   0.000000   
23  10   1           0.000000   0  0  0  0  0  0  0  0.000000  0.382424   0.000000   
23  12   1           0.000000   0  0  0  0  0  0  0  0.000000  0.402586   0.000000   
23  7    1           0.000000   0  0  0  0  0  0  0  0.000000  0.381200   0.000000   
23  2    2           3.105044   19 0  0  0  0  0  0  1.786108  3.683249   0.000000   
23  8    2           2.366177   22 0  0  0  0  0  0  1.576874  2.912200   0.000000   
23  4    1           0.000000   0  0  0  0  0  0  0  0.000000  0.387439   0.000000   
23  11   2           2.075108   19 0  0  0  0  0  0  1.383168  2.624394   0.000000   
23  13   1           0.000000   0  0  0  0  0  0  0  0.000000  0.394579   0.000000   
23  3    2           2.957174   18 0  0  0  0  0  0  1.666354  3.586808   0.000000   
23  9    1           0.000000   0  0  0  0  0  0  0  0.000000  0.383815   0.000000   
23  5    1           0.000000   0  0  0  0  0  0  0  0.000000  0.388524   0.000000   
24  14   1           0.000000   0  0  0  0  0  0  0  0.000000  0.355405   0.000000   
24  10   2           2.045985   19 0  0  0  0  0  0  1.361262  2.593768   0.000000   
24  6    1           0.000000   0  0  0  0  0  0  0  0.000000  0.378019   0.000000   
24  15   2           2.184078   22 0  0  0  0  0  0  1.456118  2.696934   0.000000   
24  11   1           0.000000   0  0  0  0  0  0  0  0.000000  0.385099   0.000000   
24  12   2           3.003845   19 0  0  0  0  0  0  1.970834  3.626647   0.000000   
24  7    2           2.169941   20 0  0  0  0  0  0  1.447169  2.711948   0.000000   
24  8    1           0.000000   0  0  0  0  0  0  0  0.000000  0.381137   0.000000   
24  13   2           3.309083   21 0  0  0  0  0  0  2.183401  3.852634   0.000000   
24  2    1           0.000000   0  0  0  0  0  0  0  0.000000  0.379059   0.000000   
24  3    1           0.000000   0  0  0  0  0  0  0  0.000000  0.378774   0.000000   
24  0    1           0.000000   0  0  0  0  0  0  0  0.000000  0.399149   0.021963   
24  1    2           2.360111   21 0  0  0  0  0  0  1.725342  2.940094   0.000000   
24  9    2           2.082600   19 0  0  0  0  0  0  1.383860  2.629339   0.000000   
24  4    2           2.053924   19 0  0  0  0  0  0  1.367028  2.604209   0.000000   
24  5    1           0.000000   0  0  0  0  0  0  0  0.000000  0.386458   0.000000   
25  14   2           1.960058   20 0  0  0  0  0  0  1.301238  2.473932   0.000000   
25  4    1           0.000000   0  0  0  0  0  0  0  0.000000  0.386216   0.000000   
25  10   1           0.000000   0  0  0  0  0  0  0  0.000000  0.382957   0.000000   
25  6    2           1.936582   18 0  0  0  0  0  0  1.286752  2.476329   0.000000   
25  0    1           0.000000   0  0  0  0  0  0  0  0.000000  0.401454   0.021680   
25  2    2           2.915253   18 0  0  0  0  0  0  1.741419  3.546063   0.000000   
25  15   1           0.000000   0  0  0  0  0  0  0  0.000000  0.356447   0.000000   
25  8    2           2.152901   20 0  0  0  0  0  0  1.432030  2.699073   0.000000   
25  5    2           2.494411   23 0  0  0  0  0  0  1.663224  3.045543   0.000000   
25  11   2           1.864575   17 0  0  0  0  0  0  1.238741  2.413998   0.000000   
25  12   1           0.000000   0  0  0  0  0  0  0  0.000000  0.383304   0.000000   
25  7    1           0.000000   0  0  0  0  0  0  0  0.000000  0.380653   0.000000   
25  1    1           0.000000   0  0  0  0  0  0  0  0.000000  0.404553   0.000000   
25  3    2           3.338211   21 0  0  0  0  0  0  2.005460  3.873204   0.000000   
25  13   1           0.000000   0  0  0  0  0  0  0  0.000000  0.371836   0.000000   
25  9    1           0.000000   0  0  0  0  0  0  0  0.000000  0.384977   0.000000   
26  14   1           0.000000   0  0  0  0  0  0  0  0.000000  0.356207   0.000000   
26  6    1           0.000000   0  0  0  0  0  0  0  0.000000  0.378389   0.000000   
26  0    2           3.505923   24 0  0  0  0  0  0  2.426008  4.083622   0.021414   
26  15   2           1.691784   17 0  0  0  0  0  0  1.122182  2.204962   0.000000   
26  8    1           0.000000   0  0  0  0  0  0  0  0.000000  0.382792   0.000000   
26  4    2           3.171189   19 0  0  0  0  0  0  1.816767  3.801379   0.000000   
26  10   2           2.049772   19 0  0  0  0  0  0  1.364450  2.596868   0.000000   
26  7    2           2.282383   21 0  0  0  0  0  0  1.525332  2.824205   0.000000   
26  1    2           3.007868   20 0  0  0  0  0  0  2.043370  3.637366   0.000000   
26  9    2           2.293771   21 0  0  0  0  0  0  1.526096  2.841758   0.000000   
26  11   1           0.000000   0  0  0  0  0  0  0  0.000000  0.385376   0.000000   
26  12   2           2.929346   18 0  0  0  0  0  0  1.892660  3.554798   0.000000   
26  13   2           3.203654   20 0  0  0  0  0  0  2.097224  3.746412   0.000000   
26  2    1           0.000000   0  0  0  0  0  0  0  0.000000  0.380339   0.000000   
26  3    1           0.000000   0  0  0  0  0  0  0  0.000000  0.379421   0.000000   
26  5    2           3.682498   23 0  0  0  0  0  0  2.157426  4.231144   0.000000   
27  14   2           1.866932   19 0  0  0  0  0  0  1.239960  2.379719   0.000000   
27  4    1           0.000000   0  0  0  0  0  0  0  0.000000  0.388824   0.000000   
27  6    2           1.830267   17 0  0  0  0  0  0  1.214125  2.368869   0.000000   
27  0    1           0.000000   0  0  0  0  0  0  0  0.000000  0.403949   0.021068   
27  15   1           0.000000   0  0  0  0  0  0  0  0.000000  0.355320   0.000000   
27  5    1           0.000000   0  0  0  0  0  0  0  0.000000  0.388532   0.000000   
27  10   1           0.000000   0  0  0  0  0  0  0  0.000000  0.381001   0.000000   
27  12   1           0.000000   0  0  0  0  0  0  0  0.000000  0.366447   0.000000   
27  7    1           0.000000   0  0  0  0  0  0  0  0.000000  0.381008   0.000000   
27  1    1           0.000000   0  0  0  0  0  0  0  0.000000  0.404429   0.000000   
27  2    2           2.770070   17 0  0  0  0  0  0  1.610951  3.403959   0.000000   
27  11   2           1.865900   17 0  0  0  0  0  0  1.240340  2.414155   0.000000   
27  13   1           0.000000   0  0  0  0  0  0  0  0.000000  0.393499   0.000000   
27  3    2           2.797442   17 0  0  0  0  0  0  1.608912  3.415464   0.000000   
27  8    2           1.838082   17 0  0  0  0  0  0  1.217702  2.384219   0.000000   
27  9    1           0.000000   0  0  0  0  0  0  0  0.000000  0.383901   0.000000   
28  14   1           0.000000   0  0  0  0  0  0  0  0.000000  0.355753   0.000000   
28  10   2           1.939330   18 0  0  0  0  0  0  1.287055  2.485796   0.000000   
28  6    1           0.000000   0  0  0  0  0  0  0  0.000000  0.378292   0.000000   
28  0    2           3.513113   25 0  0  0  0  0  0  2.477282  4.088844   0.020791   
28  15   2           1.990461   20 0  0  0  0  0  0  1.325963  2.503735   0.000000   
28  4    2           1.949146   18 0  0  0  0  0  0  1.296352  2.497789   0.000000   
28  11   1           0.000000   0  0  0  0  0  0  0  0.000000  0.385243   0.000000   
28  12   2           2.744015   17 0  0  0  0  0  0  1.836463  3.370524   0.000000   
28  7    2           2.278033   21 0  0  0  0  0  0  1.518924  2.820364   0.000000   
28  1    2           2.695969   18 0  0  0  0  0  0  1.861928  3.324368   0.000000   
28  8    1           0.000000   0  0  0  0  0  0  0  0.000000  0.380500   0.000000   
28  13   2           2.663369   17 0  0  0  0  0  0  1.798437  3.327586   0.000000   
28  2    1           0.000000   0  0  0  0  0  0  0  0.000000  0.379325   0.000000   
28  3    1           0.000000   0  0  0  0  0  0  0  0.000000  0.377980   0.000000   
28  9    2           1.969865   18 0  0  0  0  0  0  1.310602  2.517348   0.000000   
28  5    1           0.000000   0  0  0  0  0  0  0  0.000000  0.385374   0.000000   
29  14   2           2.693926   18 0  0  0  0  0  0  1.568970  3.275373   0.000000   
29  4    1           0.000000   0  0  0  0  0  0  0  0.000000  0.388911   0.000000   
29  10   1           0.000000   0  0  0  0  0  0  0  0.000000  0.382712   0.000000   
29  12   1           0.000000   0  0  0  0  0  0  0  0.000000  0.391162   0.000000   
29  6    1           0.000000   0  0  0  0  0  0  0  0.000000  0.383043   0.000000   
29  0    1           0.000000   0  0  0  0  0  0  0  0.000000  0.402234   0.020563   
29  2    2           3.101453   19 0  0  0  0  0  0  1.826601  3.682738   0.000000   
29  15   2           3.249608   23 0  0  0  0  0  0  1.964084  3.762773   0.000000   
29  8    2           1.835844   17 0  0  0  0  0  0  1.215798  2.382362   0.000000   
29  11   2           2.398721   22 0  0  0  0  0  0  1.601447  2.946910   0.000000   
29  13   1           0.000000   0  0  0  0  0  0  0  0.000000  0.383242   0.000000   
29  7    1           0.000000   0  0  0  0  0  0  0  0.000000  0.383814   0.000000   
29  1    1           0.000000   0  0  0  0  0  0  0  0.000000  0.404522   0.000000   
29  3    2           2.960734   18 0  0  0  0  0  0  1.709681  3.590382   0.000000   
29  9    1           0.000000   0  0  0  0  0  0  0  0.000000  0.384777   0.000000   
29  5    1           0.000000   0  0  0  0  0  0  0  0.000000  0.388357   0.000000   
30  14   1           0.000000   0  0  0  0  0  0  0  0.000000  0.359637   0.000000   
30  10   2           2.467333   23 0  0  0  0  0  0  1.645001  3.015132   0.000000   
30  6    2           3.232287   20 0  0  0  0  0  0  2.146294  3.829208   0.000000   
30  0    2           3.088565   21 0  0  0  0  0  0  2.148139  3.663231   0.020289   
30  15   1           0.000000   0  0  0  0  0  0  0  0.000000  0.358344   0.000000   
30  8    1           0.000000   0  0  0  0  0  0  0  0.000000  0.380257   0.000000   
30  4    2           3.667868   22 0  0  0  0  0  0  2.099380  4.308376   0.000000   
30  11   1           0.000000   0  0  0  0  0  0  0  0.000000  0.385985   0.000000   
30  12   2           3.441885   22 0  0  0  0  0  0  2.309785  4.083163   0.000000   
30  7    2           3.115272   19 0  0  0  0  0  0  2.058149  3.754910   0.000000   
30  1    2           2.699850   18 0  0  0  0  0  0  1.854525  3.328558   0.000000   
30  2    1           0.000000   0  0  0  0  0  0  0  0.000000  0.379168   0.000000   
30  13   2           3.527400   22 0  0  0  0  0  0  2.394677  4.132933   0.000000   
30  3    1           0.000000   0  0  0  0  0  0  0  0.000000  0.378583   0.000000   
30  9    2           2.396432   22 0  0  0  0  0  0  1.599244  2.942895   0.000000   
30  5    2           3.675400   22 0  0  0  0  0  0  2.081826  4.316949   0.000000   
total max update time is: 172.51
Total train time is 214.366 second.
